Python 3.6.3 (v3.6.3:2c5fed8, Oct  3 2017, 17:26:49) [MSC v.1900 32 bit (Intel)] on win32
Type "copyright", "credits" or "license()" for more information.
>>> 
 RESTART: C:\code_dxf\xuefgit\Files_01_xuef\all_xuef\code\leetcode\canPartition.py 
[1, 1, 1, 1, 1, 1, 1, 1, 1, 1, 1, 1, 1, 1, 1, 1, 1, 1, 1, 1, 1, 1, 1, 1, 1, 1, 1, 1, 1, 1, 1, 1, 1, 1, 1, 1, 1, 1, 1, 1, 1, 1, 1, 1, 1, 1, 1, 1, 1, 1, 1, 1, 1, 1, 1, 1, 1, 1, 1, 1, 1, 1, 1, 1, 1, 1, 1, 1, 1, 1, 1, 1, 1, 1, 1, 1, 1, 1, 1, 1, 1, 1, 1, 1, 1, 1, 1, 1, 1, 1, 1, 1, 1, 1, 1, 1, 1, 1, 100] ---> 99 ** 99
[1, 1, 1, 1, 1, 1, 1, 1, 1, 1, 1, 1, 1, 1, 1, 1, 1, 1, 1, 1, 1, 1, 1, 1, 1, 1, 1, 1, 1, 1, 1, 1, 1, 1, 1, 1, 1, 1, 1, 1, 1, 1, 1, 1, 1, 1, 1, 1, 1, 1, 1, 1, 1, 1, 1, 1, 1, 1, 1, 1, 1, 1, 1, 1, 1, 1, 1, 1, 1, 1, 1, 1, 1, 1, 1, 1, 1, 1, 1, 1, 1, 1, 1, 1, 1, 1, 1, 1, 1, 1, 1, 1, 1, 1, 1, 1, 1, 100] ---> 98 ** 99
[1, 1, 1, 1, 1, 1, 1, 1, 1, 1, 1, 1, 1, 1, 1, 1, 1, 1, 1, 1, 1, 1, 1, 1, 1, 1, 1, 1, 1, 1, 1, 1, 1, 1, 1, 1, 1, 1, 1, 1, 1, 1, 1, 1, 1, 1, 1, 1, 1, 1, 1, 1, 1, 1, 1, 1, 1, 1, 1, 1, 1, 1, 1, 1, 1, 1, 1, 1, 1, 1, 1, 1, 1, 1, 1, 1, 1, 1, 1, 1, 1, 1, 1, 1, 1, 1, 1, 1, 1, 1, 1, 1, 1, 1, 1, 1, 100] ---> 97 ** 99
[1, 1, 1, 1, 1, 1, 1, 1, 1, 1, 1, 1, 1, 1, 1, 1, 1, 1, 1, 1, 1, 1, 1, 1, 1, 1, 1, 1, 1, 1, 1, 1, 1, 1, 1, 1, 1, 1, 1, 1, 1, 1, 1, 1, 1, 1, 1, 1, 1, 1, 1, 1, 1, 1, 1, 1, 1, 1, 1, 1, 1, 1, 1, 1, 1, 1, 1, 1, 1, 1, 1, 1, 1, 1, 1, 1, 1, 1, 1, 1, 1, 1, 1, 1, 1, 1, 1, 1, 1, 1, 1, 1, 1, 1, 1, 100] ---> 96 ** 99
[1, 1, 1, 1, 1, 1, 1, 1, 1, 1, 1, 1, 1, 1, 1, 1, 1, 1, 1, 1, 1, 1, 1, 1, 1, 1, 1, 1, 1, 1, 1, 1, 1, 1, 1, 1, 1, 1, 1, 1, 1, 1, 1, 1, 1, 1, 1, 1, 1, 1, 1, 1, 1, 1, 1, 1, 1, 1, 1, 1, 1, 1, 1, 1, 1, 1, 1, 1, 1, 1, 1, 1, 1, 1, 1, 1, 1, 1, 1, 1, 1, 1, 1, 1, 1, 1, 1, 1, 1, 1, 1, 1, 1, 1, 100] ---> 95 ** 99
[1, 1, 1, 1, 1, 1, 1, 1, 1, 1, 1, 1, 1, 1, 1, 1, 1, 1, 1, 1, 1, 1, 1, 1, 1, 1, 1, 1, 1, 1, 1, 1, 1, 1, 1, 1, 1, 1, 1, 1, 1, 1, 1, 1, 1, 1, 1, 1, 1, 1, 1, 1, 1, 1, 1, 1, 1, 1, 1, 1, 1, 1, 1, 1, 1, 1, 1, 1, 1, 1, 1, 1, 1, 1, 1, 1, 1, 1, 1, 1, 1, 1, 1, 1, 1, 1, 1, 1, 1, 1, 1, 1, 1, 100] ---> 94 ** 99
[1, 1, 1, 1, 1, 1, 1, 1, 1, 1, 1, 1, 1, 1, 1, 1, 1, 1, 1, 1, 1, 1, 1, 1, 1, 1, 1, 1, 1, 1, 1, 1, 1, 1, 1, 1, 1, 1, 1, 1, 1, 1, 1, 1, 1, 1, 1, 1, 1, 1, 1, 1, 1, 1, 1, 1, 1, 1, 1, 1, 1, 1, 1, 1, 1, 1, 1, 1, 1, 1, 1, 1, 1, 1, 1, 1, 1, 1, 1, 1, 1, 1, 1, 1, 1, 1, 1, 1, 1, 1, 1, 1, 100] ---> 93 ** 99
[1, 1, 1, 1, 1, 1, 1, 1, 1, 1, 1, 1, 1, 1, 1, 1, 1, 1, 1, 1, 1, 1, 1, 1, 1, 1, 1, 1, 1, 1, 1, 1, 1, 1, 1, 1, 1, 1, 1, 1, 1, 1, 1, 1, 1, 1, 1, 1, 1, 1, 1, 1, 1, 1, 1, 1, 1, 1, 1, 1, 1, 1, 1, 1, 1, 1, 1, 1, 1, 1, 1, 1, 1, 1, 1, 1, 1, 1, 1, 1, 1, 1, 1, 1, 1, 1, 1, 1, 1, 1, 1, 100] ---> 92 ** 99
[1, 1, 1, 1, 1, 1, 1, 1, 1, 1, 1, 1, 1, 1, 1, 1, 1, 1, 1, 1, 1, 1, 1, 1, 1, 1, 1, 1, 1, 1, 1, 1, 1, 1, 1, 1, 1, 1, 1, 1, 1, 1, 1, 1, 1, 1, 1, 1, 1, 1, 1, 1, 1, 1, 1, 1, 1, 1, 1, 1, 1, 1, 1, 1, 1, 1, 1, 1, 1, 1, 1, 1, 1, 1, 1, 1, 1, 1, 1, 1, 1, 1, 1, 1, 1, 1, 1, 1, 1, 1, 100] ---> 91 ** 99
[1, 1, 1, 1, 1, 1, 1, 1, 1, 1, 1, 1, 1, 1, 1, 1, 1, 1, 1, 1, 1, 1, 1, 1, 1, 1, 1, 1, 1, 1, 1, 1, 1, 1, 1, 1, 1, 1, 1, 1, 1, 1, 1, 1, 1, 1, 1, 1, 1, 1, 1, 1, 1, 1, 1, 1, 1, 1, 1, 1, 1, 1, 1, 1, 1, 1, 1, 1, 1, 1, 1, 1, 1, 1, 1, 1, 1, 1, 1, 1, 1, 1, 1, 1, 1, 1, 1, 1, 1, 100] ---> 90 ** 99
[1, 1, 1, 1, 1, 1, 1, 1, 1, 1, 1, 1, 1, 1, 1, 1, 1, 1, 1, 1, 1, 1, 1, 1, 1, 1, 1, 1, 1, 1, 1, 1, 1, 1, 1, 1, 1, 1, 1, 1, 1, 1, 1, 1, 1, 1, 1, 1, 1, 1, 1, 1, 1, 1, 1, 1, 1, 1, 1, 1, 1, 1, 1, 1, 1, 1, 1, 1, 1, 1, 1, 1, 1, 1, 1, 1, 1, 1, 1, 1, 1, 1, 1, 1, 1, 1, 1, 1, 100] ---> 89 ** 99
[1, 1, 1, 1, 1, 1, 1, 1, 1, 1, 1, 1, 1, 1, 1, 1, 1, 1, 1, 1, 1, 1, 1, 1, 1, 1, 1, 1, 1, 1, 1, 1, 1, 1, 1, 1, 1, 1, 1, 1, 1, 1, 1, 1, 1, 1, 1, 1, 1, 1, 1, 1, 1, 1, 1, 1, 1, 1, 1, 1, 1, 1, 1, 1, 1, 1, 1, 1, 1, 1, 1, 1, 1, 1, 1, 1, 1, 1, 1, 1, 1, 1, 1, 1, 1, 1, 1, 100] ---> 88 ** 99
[1, 1, 1, 1, 1, 1, 1, 1, 1, 1, 1, 1, 1, 1, 1, 1, 1, 1, 1, 1, 1, 1, 1, 1, 1, 1, 1, 1, 1, 1, 1, 1, 1, 1, 1, 1, 1, 1, 1, 1, 1, 1, 1, 1, 1, 1, 1, 1, 1, 1, 1, 1, 1, 1, 1, 1, 1, 1, 1, 1, 1, 1, 1, 1, 1, 1, 1, 1, 1, 1, 1, 1, 1, 1, 1, 1, 1, 1, 1, 1, 1, 1, 1, 1, 1, 1, 100] ---> 87 ** 99
[1, 1, 1, 1, 1, 1, 1, 1, 1, 1, 1, 1, 1, 1, 1, 1, 1, 1, 1, 1, 1, 1, 1, 1, 1, 1, 1, 1, 1, 1, 1, 1, 1, 1, 1, 1, 1, 1, 1, 1, 1, 1, 1, 1, 1, 1, 1, 1, 1, 1, 1, 1, 1, 1, 1, 1, 1, 1, 1, 1, 1, 1, 1, 1, 1, 1, 1, 1, 1, 1, 1, 1, 1, 1, 1, 1, 1, 1, 1, 1, 1, 1, 1, 1, 1, 100] ---> 86 ** 99
[1, 1, 1, 1, 1, 1, 1, 1, 1, 1, 1, 1, 1, 1, 1, 1, 1, 1, 1, 1, 1, 1, 1, 1, 1, 1, 1, 1, 1, 1, 1, 1, 1, 1, 1, 1, 1, 1, 1, 1, 1, 1, 1, 1, 1, 1, 1, 1, 1, 1, 1, 1, 1, 1, 1, 1, 1, 1, 1, 1, 1, 1, 1, 1, 1, 1, 1, 1, 1, 1, 1, 1, 1, 1, 1, 1, 1, 1, 1, 1, 1, 1, 1, 1, 100] ---> 85 ** 99
[1, 1, 1, 1, 1, 1, 1, 1, 1, 1, 1, 1, 1, 1, 1, 1, 1, 1, 1, 1, 1, 1, 1, 1, 1, 1, 1, 1, 1, 1, 1, 1, 1, 1, 1, 1, 1, 1, 1, 1, 1, 1, 1, 1, 1, 1, 1, 1, 1, 1, 1, 1, 1, 1, 1, 1, 1, 1, 1, 1, 1, 1, 1, 1, 1, 1, 1, 1, 1, 1, 1, 1, 1, 1, 1, 1, 1, 1, 1, 1, 1, 1, 1, 100] ---> 84 ** 99
[1, 1, 1, 1, 1, 1, 1, 1, 1, 1, 1, 1, 1, 1, 1, 1, 1, 1, 1, 1, 1, 1, 1, 1, 1, 1, 1, 1, 1, 1, 1, 1, 1, 1, 1, 1, 1, 1, 1, 1, 1, 1, 1, 1, 1, 1, 1, 1, 1, 1, 1, 1, 1, 1, 1, 1, 1, 1, 1, 1, 1, 1, 1, 1, 1, 1, 1, 1, 1, 1, 1, 1, 1, 1, 1, 1, 1, 1, 1, 1, 1, 1, 100] ---> 83 ** 99
[1, 1, 1, 1, 1, 1, 1, 1, 1, 1, 1, 1, 1, 1, 1, 1, 1, 1, 1, 1, 1, 1, 1, 1, 1, 1, 1, 1, 1, 1, 1, 1, 1, 1, 1, 1, 1, 1, 1, 1, 1, 1, 1, 1, 1, 1, 1, 1, 1, 1, 1, 1, 1, 1, 1, 1, 1, 1, 1, 1, 1, 1, 1, 1, 1, 1, 1, 1, 1, 1, 1, 1, 1, 1, 1, 1, 1, 1, 1, 1, 1, 100] ---> 82 ** 99
[1, 1, 1, 1, 1, 1, 1, 1, 1, 1, 1, 1, 1, 1, 1, 1, 1, 1, 1, 1, 1, 1, 1, 1, 1, 1, 1, 1, 1, 1, 1, 1, 1, 1, 1, 1, 1, 1, 1, 1, 1, 1, 1, 1, 1, 1, 1, 1, 1, 1, 1, 1, 1, 1, 1, 1, 1, 1, 1, 1, 1, 1, 1, 1, 1, 1, 1, 1, 1, 1, 1, 1, 1, 1, 1, 1, 1, 1, 1, 1, 100] ---> 81 ** 99
[1, 1, 1, 1, 1, 1, 1, 1, 1, 1, 1, 1, 1, 1, 1, 1, 1, 1, 1, 1, 1, 1, 1, 1, 1, 1, 1, 1, 1, 1, 1, 1, 1, 1, 1, 1, 1, 1, 1, 1, 1, 1, 1, 1, 1, 1, 1, 1, 1, 1, 1, 1, 1, 1, 1, 1, 1, 1, 1, 1, 1, 1, 1, 1, 1, 1, 1, 1, 1, 1, 1, 1, 1, 1, 1, 1, 1, 1, 1, 100] ---> 80 ** 99
[1, 1, 1, 1, 1, 1, 1, 1, 1, 1, 1, 1, 1, 1, 1, 1, 1, 1, 1, 1, 1, 1, 1, 1, 1, 1, 1, 1, 1, 1, 1, 1, 1, 1, 1, 1, 1, 1, 1, 1, 1, 1, 1, 1, 1, 1, 1, 1, 1, 1, 1, 1, 1, 1, 1, 1, 1, 1, 1, 1, 1, 1, 1, 1, 1, 1, 1, 1, 1, 1, 1, 1, 1, 1, 1, 1, 1, 1, 100] ---> 79 ** 99
[1, 1, 1, 1, 1, 1, 1, 1, 1, 1, 1, 1, 1, 1, 1, 1, 1, 1, 1, 1, 1, 1, 1, 1, 1, 1, 1, 1, 1, 1, 1, 1, 1, 1, 1, 1, 1, 1, 1, 1, 1, 1, 1, 1, 1, 1, 1, 1, 1, 1, 1, 1, 1, 1, 1, 1, 1, 1, 1, 1, 1, 1, 1, 1, 1, 1, 1, 1, 1, 1, 1, 1, 1, 1, 1, 1, 1, 100] ---> 78 ** 99
[1, 1, 1, 1, 1, 1, 1, 1, 1, 1, 1, 1, 1, 1, 1, 1, 1, 1, 1, 1, 1, 1, 1, 1, 1, 1, 1, 1, 1, 1, 1, 1, 1, 1, 1, 1, 1, 1, 1, 1, 1, 1, 1, 1, 1, 1, 1, 1, 1, 1, 1, 1, 1, 1, 1, 1, 1, 1, 1, 1, 1, 1, 1, 1, 1, 1, 1, 1, 1, 1, 1, 1, 1, 1, 1, 1, 100] ---> 77 ** 99
[1, 1, 1, 1, 1, 1, 1, 1, 1, 1, 1, 1, 1, 1, 1, 1, 1, 1, 1, 1, 1, 1, 1, 1, 1, 1, 1, 1, 1, 1, 1, 1, 1, 1, 1, 1, 1, 1, 1, 1, 1, 1, 1, 1, 1, 1, 1, 1, 1, 1, 1, 1, 1, 1, 1, 1, 1, 1, 1, 1, 1, 1, 1, 1, 1, 1, 1, 1, 1, 1, 1, 1, 1, 1, 1, 100] ---> 76 ** 99
[1, 1, 1, 1, 1, 1, 1, 1, 1, 1, 1, 1, 1, 1, 1, 1, 1, 1, 1, 1, 1, 1, 1, 1, 1, 1, 1, 1, 1, 1, 1, 1, 1, 1, 1, 1, 1, 1, 1, 1, 1, 1, 1, 1, 1, 1, 1, 1, 1, 1, 1, 1, 1, 1, 1, 1, 1, 1, 1, 1, 1, 1, 1, 1, 1, 1, 1, 1, 1, 1, 1, 1, 1, 1, 100] ---> 75 ** 99
[1, 1, 1, 1, 1, 1, 1, 1, 1, 1, 1, 1, 1, 1, 1, 1, 1, 1, 1, 1, 1, 1, 1, 1, 1, 1, 1, 1, 1, 1, 1, 1, 1, 1, 1, 1, 1, 1, 1, 1, 1, 1, 1, 1, 1, 1, 1, 1, 1, 1, 1, 1, 1, 1, 1, 1, 1, 1, 1, 1, 1, 1, 1, 1, 1, 1, 1, 1, 1, 1, 1, 1, 1, 100] ---> 74 ** 99
[1, 1, 1, 1, 1, 1, 1, 1, 1, 1, 1, 1, 1, 1, 1, 1, 1, 1, 1, 1, 1, 1, 1, 1, 1, 1, 1, 1, 1, 1, 1, 1, 1, 1, 1, 1, 1, 1, 1, 1, 1, 1, 1, 1, 1, 1, 1, 1, 1, 1, 1, 1, 1, 1, 1, 1, 1, 1, 1, 1, 1, 1, 1, 1, 1, 1, 1, 1, 1, 1, 1, 1, 100] ---> 73 ** 99
[1, 1, 1, 1, 1, 1, 1, 1, 1, 1, 1, 1, 1, 1, 1, 1, 1, 1, 1, 1, 1, 1, 1, 1, 1, 1, 1, 1, 1, 1, 1, 1, 1, 1, 1, 1, 1, 1, 1, 1, 1, 1, 1, 1, 1, 1, 1, 1, 1, 1, 1, 1, 1, 1, 1, 1, 1, 1, 1, 1, 1, 1, 1, 1, 1, 1, 1, 1, 1, 1, 1, 100] ---> 72 ** 99
[1, 1, 1, 1, 1, 1, 1, 1, 1, 1, 1, 1, 1, 1, 1, 1, 1, 1, 1, 1, 1, 1, 1, 1, 1, 1, 1, 1, 1, 1, 1, 1, 1, 1, 1, 1, 1, 1, 1, 1, 1, 1, 1, 1, 1, 1, 1, 1, 1, 1, 1, 1, 1, 1, 1, 1, 1, 1, 1, 1, 1, 1, 1, 1, 1, 1, 1, 1, 1, 1, 100] ---> 71 ** 99
[1, 1, 1, 1, 1, 1, 1, 1, 1, 1, 1, 1, 1, 1, 1, 1, 1, 1, 1, 1, 1, 1, 1, 1, 1, 1, 1, 1, 1, 1, 1, 1, 1, 1, 1, 1, 1, 1, 1, 1, 1, 1, 1, 1, 1, 1, 1, 1, 1, 1, 1, 1, 1, 1, 1, 1, 1, 1, 1, 1, 1, 1, 1, 1, 1, 1, 1, 1, 1, 100] ---> 70 ** 99
[1, 1, 1, 1, 1, 1, 1, 1, 1, 1, 1, 1, 1, 1, 1, 1, 1, 1, 1, 1, 1, 1, 1, 1, 1, 1, 1, 1, 1, 1, 1, 1, 1, 1, 1, 1, 1, 1, 1, 1, 1, 1, 1, 1, 1, 1, 1, 1, 1, 1, 1, 1, 1, 1, 1, 1, 1, 1, 1, 1, 1, 1, 1, 1, 1, 1, 1, 1, 100] ---> 69 ** 99
[1, 1, 1, 1, 1, 1, 1, 1, 1, 1, 1, 1, 1, 1, 1, 1, 1, 1, 1, 1, 1, 1, 1, 1, 1, 1, 1, 1, 1, 1, 1, 1, 1, 1, 1, 1, 1, 1, 1, 1, 1, 1, 1, 1, 1, 1, 1, 1, 1, 1, 1, 1, 1, 1, 1, 1, 1, 1, 1, 1, 1, 1, 1, 1, 1, 1, 1, 100] ---> 68 ** 99
[1, 1, 1, 1, 1, 1, 1, 1, 1, 1, 1, 1, 1, 1, 1, 1, 1, 1, 1, 1, 1, 1, 1, 1, 1, 1, 1, 1, 1, 1, 1, 1, 1, 1, 1, 1, 1, 1, 1, 1, 1, 1, 1, 1, 1, 1, 1, 1, 1, 1, 1, 1, 1, 1, 1, 1, 1, 1, 1, 1, 1, 1, 1, 1, 1, 1, 100] ---> 67 ** 99
[1, 1, 1, 1, 1, 1, 1, 1, 1, 1, 1, 1, 1, 1, 1, 1, 1, 1, 1, 1, 1, 1, 1, 1, 1, 1, 1, 1, 1, 1, 1, 1, 1, 1, 1, 1, 1, 1, 1, 1, 1, 1, 1, 1, 1, 1, 1, 1, 1, 1, 1, 1, 1, 1, 1, 1, 1, 1, 1, 1, 1, 1, 1, 1, 1, 100] ---> 66 ** 99
[1, 1, 1, 1, 1, 1, 1, 1, 1, 1, 1, 1, 1, 1, 1, 1, 1, 1, 1, 1, 1, 1, 1, 1, 1, 1, 1, 1, 1, 1, 1, 1, 1, 1, 1, 1, 1, 1, 1, 1, 1, 1, 1, 1, 1, 1, 1, 1, 1, 1, 1, 1, 1, 1, 1, 1, 1, 1, 1, 1, 1, 1, 1, 1, 100] ---> 65 ** 99
[1, 1, 1, 1, 1, 1, 1, 1, 1, 1, 1, 1, 1, 1, 1, 1, 1, 1, 1, 1, 1, 1, 1, 1, 1, 1, 1, 1, 1, 1, 1, 1, 1, 1, 1, 1, 1, 1, 1, 1, 1, 1, 1, 1, 1, 1, 1, 1, 1, 1, 1, 1, 1, 1, 1, 1, 1, 1, 1, 1, 1, 1, 1, 100] ---> 64 ** 99
[1, 1, 1, 1, 1, 1, 1, 1, 1, 1, 1, 1, 1, 1, 1, 1, 1, 1, 1, 1, 1, 1, 1, 1, 1, 1, 1, 1, 1, 1, 1, 1, 1, 1, 1, 1, 1, 1, 1, 1, 1, 1, 1, 1, 1, 1, 1, 1, 1, 1, 1, 1, 1, 1, 1, 1, 1, 1, 1, 1, 1, 1, 100] ---> 63 ** 99
[1, 1, 1, 1, 1, 1, 1, 1, 1, 1, 1, 1, 1, 1, 1, 1, 1, 1, 1, 1, 1, 1, 1, 1, 1, 1, 1, 1, 1, 1, 1, 1, 1, 1, 1, 1, 1, 1, 1, 1, 1, 1, 1, 1, 1, 1, 1, 1, 1, 1, 1, 1, 1, 1, 1, 1, 1, 1, 1, 1, 1, 100] ---> 62 ** 99
[1, 1, 1, 1, 1, 1, 1, 1, 1, 1, 1, 1, 1, 1, 1, 1, 1, 1, 1, 1, 1, 1, 1, 1, 1, 1, 1, 1, 1, 1, 1, 1, 1, 1, 1, 1, 1, 1, 1, 1, 1, 1, 1, 1, 1, 1, 1, 1, 1, 1, 1, 1, 1, 1, 1, 1, 1, 1, 1, 1, 100] ---> 61 ** 99
[1, 1, 1, 1, 1, 1, 1, 1, 1, 1, 1, 1, 1, 1, 1, 1, 1, 1, 1, 1, 1, 1, 1, 1, 1, 1, 1, 1, 1, 1, 1, 1, 1, 1, 1, 1, 1, 1, 1, 1, 1, 1, 1, 1, 1, 1, 1, 1, 1, 1, 1, 1, 1, 1, 1, 1, 1, 1, 1, 100] ---> 60 ** 99
[1, 1, 1, 1, 1, 1, 1, 1, 1, 1, 1, 1, 1, 1, 1, 1, 1, 1, 1, 1, 1, 1, 1, 1, 1, 1, 1, 1, 1, 1, 1, 1, 1, 1, 1, 1, 1, 1, 1, 1, 1, 1, 1, 1, 1, 1, 1, 1, 1, 1, 1, 1, 1, 1, 1, 1, 1, 1, 100] ---> 59 ** 99
[1, 1, 1, 1, 1, 1, 1, 1, 1, 1, 1, 1, 1, 1, 1, 1, 1, 1, 1, 1, 1, 1, 1, 1, 1, 1, 1, 1, 1, 1, 1, 1, 1, 1, 1, 1, 1, 1, 1, 1, 1, 1, 1, 1, 1, 1, 1, 1, 1, 1, 1, 1, 1, 1, 1, 1, 1, 100] ---> 58 ** 99
[1, 1, 1, 1, 1, 1, 1, 1, 1, 1, 1, 1, 1, 1, 1, 1, 1, 1, 1, 1, 1, 1, 1, 1, 1, 1, 1, 1, 1, 1, 1, 1, 1, 1, 1, 1, 1, 1, 1, 1, 1, 1, 1, 1, 1, 1, 1, 1, 1, 1, 1, 1, 1, 1, 1, 1, 100] ---> 57 ** 99
[1, 1, 1, 1, 1, 1, 1, 1, 1, 1, 1, 1, 1, 1, 1, 1, 1, 1, 1, 1, 1, 1, 1, 1, 1, 1, 1, 1, 1, 1, 1, 1, 1, 1, 1, 1, 1, 1, 1, 1, 1, 1, 1, 1, 1, 1, 1, 1, 1, 1, 1, 1, 1, 1, 1, 100] ---> 56 ** 99
[1, 1, 1, 1, 1, 1, 1, 1, 1, 1, 1, 1, 1, 1, 1, 1, 1, 1, 1, 1, 1, 1, 1, 1, 1, 1, 1, 1, 1, 1, 1, 1, 1, 1, 1, 1, 1, 1, 1, 1, 1, 1, 1, 1, 1, 1, 1, 1, 1, 1, 1, 1, 1, 1, 100] ---> 55 ** 99
[1, 1, 1, 1, 1, 1, 1, 1, 1, 1, 1, 1, 1, 1, 1, 1, 1, 1, 1, 1, 1, 1, 1, 1, 1, 1, 1, 1, 1, 1, 1, 1, 1, 1, 1, 1, 1, 1, 1, 1, 1, 1, 1, 1, 1, 1, 1, 1, 1, 1, 1, 1, 1, 100] ---> 54 ** 99
[1, 1, 1, 1, 1, 1, 1, 1, 1, 1, 1, 1, 1, 1, 1, 1, 1, 1, 1, 1, 1, 1, 1, 1, 1, 1, 1, 1, 1, 1, 1, 1, 1, 1, 1, 1, 1, 1, 1, 1, 1, 1, 1, 1, 1, 1, 1, 1, 1, 1, 1, 1, 100] ---> 53 ** 99
[1, 1, 1, 1, 1, 1, 1, 1, 1, 1, 1, 1, 1, 1, 1, 1, 1, 1, 1, 1, 1, 1, 1, 1, 1, 1, 1, 1, 1, 1, 1, 1, 1, 1, 1, 1, 1, 1, 1, 1, 1, 1, 1, 1, 1, 1, 1, 1, 1, 1, 1, 100] ---> 52 ** 99
[1, 1, 1, 1, 1, 1, 1, 1, 1, 1, 1, 1, 1, 1, 1, 1, 1, 1, 1, 1, 1, 1, 1, 1, 1, 1, 1, 1, 1, 1, 1, 1, 1, 1, 1, 1, 1, 1, 1, 1, 1, 1, 1, 1, 1, 1, 1, 1, 1, 1, 100] ---> 51 ** 99
[1, 1, 1, 1, 1, 1, 1, 1, 1, 1, 1, 1, 1, 1, 1, 1, 1, 1, 1, 1, 1, 1, 1, 1, 1, 1, 1, 1, 1, 1, 1, 1, 1, 1, 1, 1, 1, 1, 1, 1, 1, 1, 1, 1, 1, 1, 1, 1, 1, 100] ---> 50 ** 99
[1, 1, 1, 1, 1, 1, 1, 1, 1, 1, 1, 1, 1, 1, 1, 1, 1, 1, 1, 1, 1, 1, 1, 1, 1, 1, 1, 1, 1, 1, 1, 1, 1, 1, 1, 1, 1, 1, 1, 1, 1, 1, 1, 1, 1, 1, 1, 1, 100] ---> 49 ** 99
[1, 1, 1, 1, 1, 1, 1, 1, 1, 1, 1, 1, 1, 1, 1, 1, 1, 1, 1, 1, 1, 1, 1, 1, 1, 1, 1, 1, 1, 1, 1, 1, 1, 1, 1, 1, 1, 1, 1, 1, 1, 1, 1, 1, 1, 1, 1, 100] ---> 48 ** 99
[1, 1, 1, 1, 1, 1, 1, 1, 1, 1, 1, 1, 1, 1, 1, 1, 1, 1, 1, 1, 1, 1, 1, 1, 1, 1, 1, 1, 1, 1, 1, 1, 1, 1, 1, 1, 1, 1, 1, 1, 1, 1, 1, 1, 1, 1, 100] ---> 47 ** 99
[1, 1, 1, 1, 1, 1, 1, 1, 1, 1, 1, 1, 1, 1, 1, 1, 1, 1, 1, 1, 1, 1, 1, 1, 1, 1, 1, 1, 1, 1, 1, 1, 1, 1, 1, 1, 1, 1, 1, 1, 1, 1, 1, 1, 1, 100] ---> 46 ** 99
[1, 1, 1, 1, 1, 1, 1, 1, 1, 1, 1, 1, 1, 1, 1, 1, 1, 1, 1, 1, 1, 1, 1, 1, 1, 1, 1, 1, 1, 1, 1, 1, 1, 1, 1, 1, 1, 1, 1, 1, 1, 1, 1, 1, 100] ---> 45 ** 99
[1, 1, 1, 1, 1, 1, 1, 1, 1, 1, 1, 1, 1, 1, 1, 1, 1, 1, 1, 1, 1, 1, 1, 1, 1, 1, 1, 1, 1, 1, 1, 1, 1, 1, 1, 1, 1, 1, 1, 1, 1, 1, 1, 100] ---> 44 ** 99
[1, 1, 1, 1, 1, 1, 1, 1, 1, 1, 1, 1, 1, 1, 1, 1, 1, 1, 1, 1, 1, 1, 1, 1, 1, 1, 1, 1, 1, 1, 1, 1, 1, 1, 1, 1, 1, 1, 1, 1, 1, 1, 100] ---> 43 ** 99
[1, 1, 1, 1, 1, 1, 1, 1, 1, 1, 1, 1, 1, 1, 1, 1, 1, 1, 1, 1, 1, 1, 1, 1, 1, 1, 1, 1, 1, 1, 1, 1, 1, 1, 1, 1, 1, 1, 1, 1, 1, 100] ---> 42 ** 99
[1, 1, 1, 1, 1, 1, 1, 1, 1, 1, 1, 1, 1, 1, 1, 1, 1, 1, 1, 1, 1, 1, 1, 1, 1, 1, 1, 1, 1, 1, 1, 1, 1, 1, 1, 1, 1, 1, 1, 1, 100] ---> 41 ** 99
[1, 1, 1, 1, 1, 1, 1, 1, 1, 1, 1, 1, 1, 1, 1, 1, 1, 1, 1, 1, 1, 1, 1, 1, 1, 1, 1, 1, 1, 1, 1, 1, 1, 1, 1, 1, 1, 1, 1, 100] ---> 40 ** 99
[1, 1, 1, 1, 1, 1, 1, 1, 1, 1, 1, 1, 1, 1, 1, 1, 1, 1, 1, 1, 1, 1, 1, 1, 1, 1, 1, 1, 1, 1, 1, 1, 1, 1, 1, 1, 1, 1, 100] ---> 39 ** 99
[1, 1, 1, 1, 1, 1, 1, 1, 1, 1, 1, 1, 1, 1, 1, 1, 1, 1, 1, 1, 1, 1, 1, 1, 1, 1, 1, 1, 1, 1, 1, 1, 1, 1, 1, 1, 1, 100] ---> 38 ** 99
[1, 1, 1, 1, 1, 1, 1, 1, 1, 1, 1, 1, 1, 1, 1, 1, 1, 1, 1, 1, 1, 1, 1, 1, 1, 1, 1, 1, 1, 1, 1, 1, 1, 1, 1, 1, 100] ---> 37 ** 99
[1, 1, 1, 1, 1, 1, 1, 1, 1, 1, 1, 1, 1, 1, 1, 1, 1, 1, 1, 1, 1, 1, 1, 1, 1, 1, 1, 1, 1, 1, 1, 1, 1, 1, 1, 100] ---> 36 ** 99
[1, 1, 1, 1, 1, 1, 1, 1, 1, 1, 1, 1, 1, 1, 1, 1, 1, 1, 1, 1, 1, 1, 1, 1, 1, 1, 1, 1, 1, 1, 1, 1, 1, 1, 100] ---> 35 ** 99
[1, 1, 1, 1, 1, 1, 1, 1, 1, 1, 1, 1, 1, 1, 1, 1, 1, 1, 1, 1, 1, 1, 1, 1, 1, 1, 1, 1, 1, 1, 1, 1, 1, 100] ---> 34 ** 99
[1, 1, 1, 1, 1, 1, 1, 1, 1, 1, 1, 1, 1, 1, 1, 1, 1, 1, 1, 1, 1, 1, 1, 1, 1, 1, 1, 1, 1, 1, 1, 1, 100] ---> 33 ** 99
[1, 1, 1, 1, 1, 1, 1, 1, 1, 1, 1, 1, 1, 1, 1, 1, 1, 1, 1, 1, 1, 1, 1, 1, 1, 1, 1, 1, 1, 1, 1, 100] ---> 32 ** 99
[1, 1, 1, 1, 1, 1, 1, 1, 1, 1, 1, 1, 1, 1, 1, 1, 1, 1, 1, 1, 1, 1, 1, 1, 1, 1, 1, 1, 1, 1, 100] ---> 31 ** 99
[1, 1, 1, 1, 1, 1, 1, 1, 1, 1, 1, 1, 1, 1, 1, 1, 1, 1, 1, 1, 1, 1, 1, 1, 1, 1, 1, 1, 1, 100] ---> 30 ** 99
[1, 1, 1, 1, 1, 1, 1, 1, 1, 1, 1, 1, 1, 1, 1, 1, 1, 1, 1, 1, 1, 1, 1, 1, 1, 1, 1, 1, 100] ---> 29 ** 99
[1, 1, 1, 1, 1, 1, 1, 1, 1, 1, 1, 1, 1, 1, 1, 1, 1, 1, 1, 1, 1, 1, 1, 1, 1, 1, 1, 100] ---> 28 ** 99
[1, 1, 1, 1, 1, 1, 1, 1, 1, 1, 1, 1, 1, 1, 1, 1, 1, 1, 1, 1, 1, 1, 1, 1, 1, 1, 100] ---> 27 ** 99
[1, 1, 1, 1, 1, 1, 1, 1, 1, 1, 1, 1, 1, 1, 1, 1, 1, 1, 1, 1, 1, 1, 1, 1, 1, 100] ---> 26 ** 99
[1, 1, 1, 1, 1, 1, 1, 1, 1, 1, 1, 1, 1, 1, 1, 1, 1, 1, 1, 1, 1, 1, 1, 1, 100] ---> 25 ** 99
[1, 1, 1, 1, 1, 1, 1, 1, 1, 1, 1, 1, 1, 1, 1, 1, 1, 1, 1, 1, 1, 1, 1, 100] ---> 24 ** 99
[1, 1, 1, 1, 1, 1, 1, 1, 1, 1, 1, 1, 1, 1, 1, 1, 1, 1, 1, 1, 1, 1, 100] ---> 23 ** 99
[1, 1, 1, 1, 1, 1, 1, 1, 1, 1, 1, 1, 1, 1, 1, 1, 1, 1, 1, 1, 1, 100] ---> 22 ** 99
[1, 1, 1, 1, 1, 1, 1, 1, 1, 1, 1, 1, 1, 1, 1, 1, 1, 1, 1, 1, 100] ---> 21 ** 99
[1, 1, 1, 1, 1, 1, 1, 1, 1, 1, 1, 1, 1, 1, 1, 1, 1, 1, 1, 100] ---> 20 ** 99
[1, 1, 1, 1, 1, 1, 1, 1, 1, 1, 1, 1, 1, 1, 1, 1, 1, 1, 100] ---> 19 ** 99
[1, 1, 1, 1, 1, 1, 1, 1, 1, 1, 1, 1, 1, 1, 1, 1, 1, 100] ---> 18 ** 99
[1, 1, 1, 1, 1, 1, 1, 1, 1, 1, 1, 1, 1, 1, 1, 1, 100] ---> 17 ** 99
[1, 1, 1, 1, 1, 1, 1, 1, 1, 1, 1, 1, 1, 1, 1, 100] ---> 16 ** 99
[1, 1, 1, 1, 1, 1, 1, 1, 1, 1, 1, 1, 1, 1, 100] ---> 15 ** 99
[1, 1, 1, 1, 1, 1, 1, 1, 1, 1, 1, 1, 1, 100] ---> 14 ** 99
[1, 1, 1, 1, 1, 1, 1, 1, 1, 1, 1, 1, 100] ---> 13 ** 99
[1, 1, 1, 1, 1, 1, 1, 1, 1, 1, 1, 100] ---> 12 ** 99
[1, 1, 1, 1, 1, 1, 1, 1, 1, 1, 100] ---> 11 ** 99
[1, 1, 1, 1, 1, 1, 1, 1, 1, 100] ---> 10 ** 99
[1, 1, 1, 1, 1, 1, 1, 1, 100] ---> 9 ** 99
[1, 1, 1, 1, 1, 1, 1, 100] ---> 8 ** 99
[1, 1, 1, 1, 1, 1, 100] ---> 7 ** 99
[1, 1, 1, 1, 1, 100] ---> 6 ** 99
[1, 1, 1, 1, 100] ---> 5 ** 99
[1, 1, 1, 100] ---> 4 ** 99
[1, 1, 100] ---> 3 ** 99
[1, 1, 100] ---> 4 ** 98
[1, 1, 1, 100] ---> 5 ** 98
[1, 1, 100] ---> 4 ** 98
[1, 1, 100] ---> 5 ** 97
[1, 1, 1, 1, 100] ---> 6 ** 98
[1, 1, 1, 100] ---> 5 ** 98
[1, 1, 100] ---> 4 ** 98
[1, 1, 100] ---> 5 ** 97
[1, 1, 1, 100] ---> 6 ** 97
[1, 1, 100] ---> 5 ** 97
[1, 1, 100] ---> 6 ** 96
[1, 1, 1, 1, 1, 100] ---> 7 ** 98
[1, 1, 1, 1, 100] ---> 6 ** 98
[1, 1, 1, 100] ---> 5 ** 98
[1, 1, 100] ---> 4 ** 98
[1, 1, 100] ---> 5 ** 97
[1, 1, 1, 100] ---> 6 ** 97
[1, 1, 100] ---> 5 ** 97
[1, 1, 100] ---> 6 ** 96
[1, 1, 1, 1, 100] ---> 7 ** 97
[1, 1, 1, 100] ---> 6 ** 97
[1, 1, 100] ---> 5 ** 97
[1, 1, 100] ---> 6 ** 96
[1, 1, 1, 100] ---> 7 ** 96
[1, 1, 100] ---> 6 ** 96
[1, 1, 100] ---> 7 ** 95
[1, 1, 1, 1, 1, 1, 100] ---> 8 ** 98
[1, 1, 1, 1, 1, 100] ---> 7 ** 98
[1, 1, 1, 1, 100] ---> 6 ** 98
[1, 1, 1, 100] ---> 5 ** 98
[1, 1, 100] ---> 4 ** 98
[1, 1, 100] ---> 5 ** 97
[1, 1, 1, 100] ---> 6 ** 97
[1, 1, 100] ---> 5 ** 97
[1, 1, 100] ---> 6 ** 96
[1, 1, 1, 1, 100] ---> 7 ** 97
[1, 1, 1, 100] ---> 6 ** 97
[1, 1, 100] ---> 5 ** 97
[1, 1, 100] ---> 6 ** 96
[1, 1, 1, 100] ---> 7 ** 96
[1, 1, 100] ---> 6 ** 96
[1, 1, 100] ---> 7 ** 95
[1, 1, 1, 1, 1, 100] ---> 8 ** 97
[1, 1, 1, 1, 100] ---> 7 ** 97
[1, 1, 1, 100] ---> 6 ** 97
[1, 1, 100] ---> 5 ** 97
[1, 1, 100] ---> 6 ** 96
[1, 1, 1, 100] ---> 7 ** 96
[1, 1, 100] ---> 6 ** 96
[1, 1, 100] ---> 7 ** 95
[1, 1, 1, 1, 100] ---> 8 ** 96
[1, 1, 1, 100] ---> 7 ** 96
[1, 1, 100] ---> 6 ** 96
[1, 1, 100] ---> 7 ** 95
[1, 1, 1, 100] ---> 8 ** 95
[1, 1, 100] ---> 7 ** 95
[1, 1, 100] ---> 8 ** 94
[1, 1, 1, 1, 1, 1, 1, 100] ---> 9 ** 98
[1, 1, 1, 1, 1, 1, 100] ---> 8 ** 98
[1, 1, 1, 1, 1, 100] ---> 7 ** 98
[1, 1, 1, 1, 100] ---> 6 ** 98
[1, 1, 1, 100] ---> 5 ** 98
[1, 1, 100] ---> 4 ** 98
[1, 1, 100] ---> 5 ** 97
[1, 1, 1, 100] ---> 6 ** 97
[1, 1, 100] ---> 5 ** 97
[1, 1, 100] ---> 6 ** 96
[1, 1, 1, 1, 100] ---> 7 ** 97
[1, 1, 1, 100] ---> 6 ** 97
[1, 1, 100] ---> 5 ** 97
[1, 1, 100] ---> 6 ** 96
[1, 1, 1, 100] ---> 7 ** 96
[1, 1, 100] ---> 6 ** 96
[1, 1, 100] ---> 7 ** 95
[1, 1, 1, 1, 1, 100] ---> 8 ** 97
[1, 1, 1, 1, 100] ---> 7 ** 97
[1, 1, 1, 100] ---> 6 ** 97
[1, 1, 100] ---> 5 ** 97
[1, 1, 100] ---> 6 ** 96
[1, 1, 1, 100] ---> 7 ** 96
[1, 1, 100] ---> 6 ** 96
[1, 1, 100] ---> 7 ** 95
[1, 1, 1, 1, 100] ---> 8 ** 96
[1, 1, 1, 100] ---> 7 ** 96
[1, 1, 100] ---> 6 ** 96
[1, 1, 100] ---> 7 ** 95
[1, 1, 1, 100] ---> 8 ** 95
[1, 1, 100] ---> 7 ** 95
[1, 1, 100] ---> 8 ** 94
[1, 1, 1, 1, 1, 1, 100] ---> 9 ** 97
[1, 1, 1, 1, 1, 100] ---> 8 ** 97
[1, 1, 1, 1, 100] ---> 7 ** 97
[1, 1, 1, 100] ---> 6 ** 97
[1, 1, 100] ---> 5 ** 97
[1, 1, 100] ---> 6 ** 96
[1, 1, 1, 100] ---> 7 ** 96
[1, 1, 100] ---> 6 ** 96
[1, 1, 100] ---> 7 ** 95
[1, 1, 1, 1, 100] ---> 8 ** 96
[1, 1, 1, 100] ---> 7 ** 96
[1, 1, 100] ---> 6 ** 96
[1, 1, 100] ---> 7 ** 95
[1, 1, 1, 100] ---> 8 ** 95
[1, 1, 100] ---> 7 ** 95
[1, 1, 100] ---> 8 ** 94
[1, 1, 1, 1, 1, 100] ---> 9 ** 96
[1, 1, 1, 1, 100] ---> 8 ** 96
[1, 1, 1, 100] ---> 7 ** 96
[1, 1, 100] ---> 6 ** 96
[1, 1, 100] ---> 7 ** 95
[1, 1, 1, 100] ---> 8 ** 95
[1, 1, 100] ---> 7 ** 95
[1, 1, 100] ---> 8 ** 94
[1, 1, 1, 1, 100] ---> 9 ** 95
[1, 1, 1, 100] ---> 8 ** 95
[1, 1, 100] ---> 7 ** 95
[1, 1, 100] ---> 8 ** 94
[1, 1, 1, 100] ---> 9 ** 94
[1, 1, 100] ---> 8 ** 94
[1, 1, 100] ---> 9 ** 93
[1, 1, 1, 1, 1, 1, 1, 1, 100] ---> 10 ** 98
[1, 1, 1, 1, 1, 1, 1, 100] ---> 9 ** 98
[1, 1, 1, 1, 1, 1, 100] ---> 8 ** 98
[1, 1, 1, 1, 1, 100] ---> 7 ** 98
[1, 1, 1, 1, 100] ---> 6 ** 98
[1, 1, 1, 100] ---> 5 ** 98
[1, 1, 100] ---> 4 ** 98
[1, 1, 100] ---> 5 ** 97
[1, 1, 1, 100] ---> 6 ** 97
[1, 1, 100] ---> 5 ** 97
[1, 1, 100] ---> 6 ** 96
[1, 1, 1, 1, 100] ---> 7 ** 97
[1, 1, 1, 100] ---> 6 ** 97
[1, 1, 100] ---> 5 ** 97
[1, 1, 100] ---> 6 ** 96
[1, 1, 1, 100] ---> 7 ** 96
[1, 1, 100] ---> 6 ** 96
[1, 1, 100] ---> 7 ** 95
[1, 1, 1, 1, 1, 100] ---> 8 ** 97
[1, 1, 1, 1, 100] ---> 7 ** 97
[1, 1, 1, 100] ---> 6 ** 97
[1, 1, 100] ---> 5 ** 97
[1, 1, 100] ---> 6 ** 96
[1, 1, 1, 100] ---> 7 ** 96
[1, 1, 100] ---> 6 ** 96
[1, 1, 100] ---> 7 ** 95
[1, 1, 1, 1, 100] ---> 8 ** 96
[1, 1, 1, 100] ---> 7 ** 96
[1, 1, 100] ---> 6 ** 96
[1, 1, 100] ---> 7 ** 95
[1, 1, 1, 100] ---> 8 ** 95
[1, 1, 100] ---> 7 ** 95
[1, 1, 100] ---> 8 ** 94
[1, 1, 1, 1, 1, 1, 100] ---> 9 ** 97
[1, 1, 1, 1, 1, 100] ---> 8 ** 97
[1, 1, 1, 1, 100] ---> 7 ** 97
[1, 1, 1, 100] ---> 6 ** 97
[1, 1, 100] ---> 5 ** 97
[1, 1, 100] ---> 6 ** 96
[1, 1, 1, 100] ---> 7 ** 96
[1, 1, 100] ---> 6 ** 96
[1, 1, 100] ---> 7 ** 95
[1, 1, 1, 1, 100] ---> 8 ** 96
[1, 1, 1, 100] ---> 7 ** 96
[1, 1, 100] ---> 6 ** 96
[1, 1, 100] ---> 7 ** 95
[1, 1, 1, 100] ---> 8 ** 95
[1, 1, 100] ---> 7 ** 95
[1, 1, 100] ---> 8 ** 94
[1, 1, 1, 1, 1, 100] ---> 9 ** 96
[1, 1, 1, 1, 100] ---> 8 ** 96
[1, 1, 1, 100] ---> 7 ** 96
[1, 1, 100] ---> 6 ** 96
[1, 1, 100] ---> 7 ** 95
[1, 1, 1, 100] ---> 8 ** 95
[1, 1, 100] ---> 7 ** 95
[1, 1, 100] ---> 8 ** 94
[1, 1, 1, 1, 100] ---> 9 ** 95
[1, 1, 1, 100] ---> 8 ** 95
[1, 1, 100] ---> 7 ** 95
[1, 1, 100] ---> 8 ** 94
[1, 1, 1, 100] ---> 9 ** 94
[1, 1, 100] ---> 8 ** 94
[1, 1, 100] ---> 9 ** 93
[1, 1, 1, 1, 1, 1, 1, 100] ---> 10 ** 97
[1, 1, 1, 1, 1, 1, 100] ---> 9 ** 97
[1, 1, 1, 1, 1, 100] ---> 8 ** 97
[1, 1, 1, 1, 100] ---> 7 ** 97
[1, 1, 1, 100] ---> 6 ** 97
[1, 1, 100] ---> 5 ** 97
[1, 1, 100] ---> 6 ** 96
[1, 1, 1, 100] ---> 7 ** 96
[1, 1, 100] ---> 6 ** 96
[1, 1, 100] ---> 7 ** 95
[1, 1, 1, 1, 100] ---> 8 ** 96
[1, 1, 1, 100] ---> 7 ** 96
[1, 1, 100] ---> 6 ** 96
[1, 1, 100] ---> 7 ** 95
[1, 1, 1, 100] ---> 8 ** 95
[1, 1, 100] ---> 7 ** 95
[1, 1, 100] ---> 8 ** 94
[1, 1, 1, 1, 1, 100] ---> 9 ** 96
[1, 1, 1, 1, 100] ---> 8 ** 96
[1, 1, 1, 100] ---> 7 ** 96
[1, 1, 100] ---> 6 ** 96
[1, 1, 100] ---> 7 ** 95
[1, 1, 1, 100] ---> 8 ** 95
[1, 1, 100] ---> 7 ** 95
[1, 1, 100] ---> 8 ** 94
[1, 1, 1, 1, 100] ---> 9 ** 95
[1, 1, 1, 100] ---> 8 ** 95
[1, 1, 100] ---> 7 ** 95
[1, 1, 100] ---> 8 ** 94
[1, 1, 1, 100] ---> 9 ** 94
[1, 1, 100] ---> 8 ** 94
[1, 1, 100] ---> 9 ** 93
[1, 1, 1, 1, 1, 1, 100] ---> 10 ** 96
[1, 1, 1, 1, 1, 100] ---> 9 ** 96
[1, 1, 1, 1, 100] ---> 8 ** 96
[1, 1, 1, 100] ---> 7 ** 96
[1, 1, 100] ---> 6 ** 96
[1, 1, 100] ---> 7 ** 95
[1, 1, 1, 100] ---> 8 ** 95
[1, 1, 100] ---> 7 ** 95
[1, 1, 100] ---> 8 ** 94
[1, 1, 1, 1, 100] ---> 9 ** 95
[1, 1, 1, 100] ---> 8 ** 95
[1, 1, 100] ---> 7 ** 95
[1, 1, 100] ---> 8 ** 94
[1, 1, 1, 100] ---> 9 ** 94
[1, 1, 100] ---> 8 ** 94
[1, 1, 100] ---> 9 ** 93
[1, 1, 1, 1, 1, 100] ---> 10 ** 95
[1, 1, 1, 1, 100] ---> 9 ** 95
[1, 1, 1, 100] ---> 8 ** 95
[1, 1, 100] ---> 7 ** 95
[1, 1, 100] ---> 8 ** 94
[1, 1, 1, 100] ---> 9 ** 94
[1, 1, 100] ---> 8 ** 94
[1, 1, 100] ---> 9 ** 93
[1, 1, 1, 1, 100] ---> 10 ** 94
[1, 1, 1, 100] ---> 9 ** 94
[1, 1, 100] ---> 8 ** 94
[1, 1, 100] ---> 9 ** 93
[1, 1, 1, 100] ---> 10 ** 93
[1, 1, 100] ---> 9 ** 93
[1, 1, 100] ---> 10 ** 92
[1, 1, 1, 1, 1, 1, 1, 1, 1, 100] ---> 11 ** 98
[1, 1, 1, 1, 1, 1, 1, 1, 100] ---> 10 ** 98
[1, 1, 1, 1, 1, 1, 1, 100] ---> 9 ** 98
[1, 1, 1, 1, 1, 1, 100] ---> 8 ** 98
[1, 1, 1, 1, 1, 100] ---> 7 ** 98
[1, 1, 1, 1, 100] ---> 6 ** 98
[1, 1, 1, 100] ---> 5 ** 98
[1, 1, 100] ---> 4 ** 98
[1, 1, 100] ---> 5 ** 97
[1, 1, 1, 100] ---> 6 ** 97
[1, 1, 100] ---> 5 ** 97
[1, 1, 100] ---> 6 ** 96
[1, 1, 1, 1, 100] ---> 7 ** 97
[1, 1, 1, 100] ---> 6 ** 97
[1, 1, 100] ---> 5 ** 97
[1, 1, 100] ---> 6 ** 96
[1, 1, 1, 100] ---> 7 ** 96
[1, 1, 100] ---> 6 ** 96
[1, 1, 100] ---> 7 ** 95
[1, 1, 1, 1, 1, 100] ---> 8 ** 97
[1, 1, 1, 1, 100] ---> 7 ** 97
[1, 1, 1, 100] ---> 6 ** 97
[1, 1, 100] ---> 5 ** 97
[1, 1, 100] ---> 6 ** 96
[1, 1, 1, 100] ---> 7 ** 96
[1, 1, 100] ---> 6 ** 96
[1, 1, 100] ---> 7 ** 95
[1, 1, 1, 1, 100] ---> 8 ** 96
[1, 1, 1, 100] ---> 7 ** 96
[1, 1, 100] ---> 6 ** 96
[1, 1, 100] ---> 7 ** 95
[1, 1, 1, 100] ---> 8 ** 95
[1, 1, 100] ---> 7 ** 95
[1, 1, 100] ---> 8 ** 94
[1, 1, 1, 1, 1, 1, 100] ---> 9 ** 97
[1, 1, 1, 1, 1, 100] ---> 8 ** 97
[1, 1, 1, 1, 100] ---> 7 ** 97
[1, 1, 1, 100] ---> 6 ** 97
[1, 1, 100] ---> 5 ** 97
[1, 1, 100] ---> 6 ** 96
[1, 1, 1, 100] ---> 7 ** 96
[1, 1, 100] ---> 6 ** 96
[1, 1, 100] ---> 7 ** 95
[1, 1, 1, 1, 100] ---> 8 ** 96
[1, 1, 1, 100] ---> 7 ** 96
[1, 1, 100] ---> 6 ** 96
[1, 1, 100] ---> 7 ** 95
[1, 1, 1, 100] ---> 8 ** 95
[1, 1, 100] ---> 7 ** 95
[1, 1, 100] ---> 8 ** 94
[1, 1, 1, 1, 1, 100] ---> 9 ** 96
[1, 1, 1, 1, 100] ---> 8 ** 96
[1, 1, 1, 100] ---> 7 ** 96
[1, 1, 100] ---> 6 ** 96
[1, 1, 100] ---> 7 ** 95
[1, 1, 1, 100] ---> 8 ** 95
[1, 1, 100] ---> 7 ** 95
[1, 1, 100] ---> 8 ** 94
[1, 1, 1, 1, 100] ---> 9 ** 95
[1, 1, 1, 100] ---> 8 ** 95
[1, 1, 100] ---> 7 ** 95
[1, 1, 100] ---> 8 ** 94
[1, 1, 1, 100] ---> 9 ** 94
[1, 1, 100] ---> 8 ** 94
[1, 1, 100] ---> 9 ** 93
[1, 1, 1, 1, 1, 1, 1, 100] ---> 10 ** 97
[1, 1, 1, 1, 1, 1, 100] ---> 9 ** 97
[1, 1, 1, 1, 1, 100] ---> 8 ** 97
[1, 1, 1, 1, 100] ---> 7 ** 97
[1, 1, 1, 100] ---> 6 ** 97
[1, 1, 100] ---> 5 ** 97
[1, 1, 100] ---> 6 ** 96
[1, 1, 1, 100] ---> 7 ** 96
[1, 1, 100] ---> 6 ** 96
[1, 1, 100] ---> 7 ** 95
[1, 1, 1, 1, 100] ---> 8 ** 96
[1, 1, 1, 100] ---> 7 ** 96
[1, 1, 100] ---> 6 ** 96
[1, 1, 100] ---> 7 ** 95
[1, 1, 1, 100] ---> 8 ** 95
[1, 1, 100] ---> 7 ** 95
[1, 1, 100] ---> 8 ** 94
[1, 1, 1, 1, 1, 100] ---> 9 ** 96
[1, 1, 1, 1, 100] ---> 8 ** 96
[1, 1, 1, 100] ---> 7 ** 96
[1, 1, 100] ---> 6 ** 96
[1, 1, 100] ---> 7 ** 95
[1, 1, 1, 100] ---> 8 ** 95
[1, 1, 100] ---> 7 ** 95
[1, 1, 100] ---> 8 ** 94
[1, 1, 1, 1, 100] ---> 9 ** 95
[1, 1, 1, 100] ---> 8 ** 95
[1, 1, 100] ---> 7 ** 95
[1, 1, 100] ---> 8 ** 94
[1, 1, 1, 100] ---> 9 ** 94
[1, 1, 100] ---> 8 ** 94
[1, 1, 100] ---> 9 ** 93
[1, 1, 1, 1, 1, 1, 100] ---> 10 ** 96
[1, 1, 1, 1, 1, 100] ---> 9 ** 96
[1, 1, 1, 1, 100] ---> 8 ** 96
[1, 1, 1, 100] ---> 7 ** 96
[1, 1, 100] ---> 6 ** 96
[1, 1, 100] ---> 7 ** 95
[1, 1, 1, 100] ---> 8 ** 95
[1, 1, 100] ---> 7 ** 95
[1, 1, 100] ---> 8 ** 94
[1, 1, 1, 1, 100] ---> 9 ** 95
[1, 1, 1, 100] ---> 8 ** 95
[1, 1, 100] ---> 7 ** 95
[1, 1, 100] ---> 8 ** 94
[1, 1, 1, 100] ---> 9 ** 94
[1, 1, 100] ---> 8 ** 94
[1, 1, 100] ---> 9 ** 93
[1, 1, 1, 1, 1, 100] ---> 10 ** 95
[1, 1, 1, 1, 100] ---> 9 ** 95
[1, 1, 1, 100] ---> 8 ** 95
[1, 1, 100] ---> 7 ** 95
[1, 1, 100] ---> 8 ** 94
[1, 1, 1, 100] ---> 9 ** 94
[1, 1, 100] ---> 8 ** 94
[1, 1, 100] ---> 9 ** 93
[1, 1, 1, 1, 100] ---> 10 ** 94
[1, 1, 1, 100] ---> 9 ** 94
[1, 1, 100] ---> 8 ** 94
[1, 1, 100] ---> 9 ** 93
[1, 1, 1, 100] ---> 10 ** 93
[1, 1, 100] ---> 9 ** 93
[1, 1, 100] ---> 10 ** 92
[1, 1, 1, 1, 1, 1, 1, 1, 100] ---> 11 ** 97
[1, 1, 1, 1, 1, 1, 1, 100] ---> 10 ** 97
[1, 1, 1, 1, 1, 1, 100] ---> 9 ** 97
[1, 1, 1, 1, 1, 100] ---> 8 ** 97
[1, 1, 1, 1, 100] ---> 7 ** 97
[1, 1, 1, 100] ---> 6 ** 97
[1, 1, 100] ---> 5 ** 97
[1, 1, 100] ---> 6 ** 96
[1, 1, 1, 100] ---> 7 ** 96
[1, 1, 100] ---> 6 ** 96
[1, 1, 100] ---> 7 ** 95
[1, 1, 1, 1, 100] ---> 8 ** 96
[1, 1, 1, 100] ---> 7 ** 96
[1, 1, 100] ---> 6 ** 96
[1, 1, 100] ---> 7 ** 95
[1, 1, 1, 100] ---> 8 ** 95
[1, 1, 100] ---> 7 ** 95
[1, 1, 100] ---> 8 ** 94
[1, 1, 1, 1, 1, 100] ---> 9 ** 96
[1, 1, 1, 1, 100] ---> 8 ** 96
[1, 1, 1, 100] ---> 7 ** 96
[1, 1, 100] ---> 6 ** 96
[1, 1, 100] ---> 7 ** 95
[1, 1, 1, 100] ---> 8 ** 95
[1, 1, 100] ---> 7 ** 95
[1, 1, 100] ---> 8 ** 94
[1, 1, 1, 1, 100] ---> 9 ** 95
[1, 1, 1, 100] ---> 8 ** 95
[1, 1, 100] ---> 7 ** 95
[1, 1, 100] ---> 8 ** 94
[1, 1, 1, 100] ---> 9 ** 94
[1, 1, 100] ---> 8 ** 94
[1, 1, 100] ---> 9 ** 93
[1, 1, 1, 1, 1, 1, 100] ---> 10 ** 96
[1, 1, 1, 1, 1, 100] ---> 9 ** 96
[1, 1, 1, 1, 100] ---> 8 ** 96
[1, 1, 1, 100] ---> 7 ** 96
[1, 1, 100] ---> 6 ** 96
[1, 1, 100] ---> 7 ** 95
[1, 1, 1, 100] ---> 8 ** 95
[1, 1, 100] ---> 7 ** 95
[1, 1, 100] ---> 8 ** 94
[1, 1, 1, 1, 100] ---> 9 ** 95
[1, 1, 1, 100] ---> 8 ** 95
[1, 1, 100] ---> 7 ** 95
[1, 1, 100] ---> 8 ** 94
[1, 1, 1, 100] ---> 9 ** 94
[1, 1, 100] ---> 8 ** 94
[1, 1, 100] ---> 9 ** 93
[1, 1, 1, 1, 1, 100] ---> 10 ** 95
[1, 1, 1, 1, 100] ---> 9 ** 95
[1, 1, 1, 100] ---> 8 ** 95
[1, 1, 100] ---> 7 ** 95
[1, 1, 100] ---> 8 ** 94
[1, 1, 1, 100] ---> 9 ** 94
[1, 1, 100] ---> 8 ** 94
[1, 1, 100] ---> 9 ** 93
[1, 1, 1, 1, 100] ---> 10 ** 94
[1, 1, 1, 100] ---> 9 ** 94
[1, 1, 100] ---> 8 ** 94
[1, 1, 100] ---> 9 ** 93
[1, 1, 1, 100] ---> 10 ** 93
[1, 1, 100] ---> 9 ** 93
[1, 1, 100] ---> 10 ** 92
[1, 1, 1, 1, 1, 1, 1, 100] ---> 11 ** 96
[1, 1, 1, 1, 1, 1, 100] ---> 10 ** 96
[1, 1, 1, 1, 1, 100] ---> 9 ** 96
[1, 1, 1, 1, 100] ---> 8 ** 96
[1, 1, 1, 100] ---> 7 ** 96
[1, 1, 100] ---> 6 ** 96
[1, 1, 100] ---> 7 ** 95
[1, 1, 1, 100] ---> 8 ** 95
[1, 1, 100] ---> 7 ** 95
[1, 1, 100] ---> 8 ** 94
[1, 1, 1, 1, 100] ---> 9 ** 95
[1, 1, 1, 100] ---> 8 ** 95
[1, 1, 100] ---> 7 ** 95
[1, 1, 100] ---> 8 ** 94
[1, 1, 1, 100] ---> 9 ** 94
[1, 1, 100] ---> 8 ** 94
[1, 1, 100] ---> 9 ** 93
[1, 1, 1, 1, 1, 100] ---> 10 ** 95
[1, 1, 1, 1, 100] ---> 9 ** 95
[1, 1, 1, 100] ---> 8 ** 95
[1, 1, 100] ---> 7 ** 95
[1, 1, 100] ---> 8 ** 94
[1, 1, 1, 100] ---> 9 ** 94
[1, 1, 100] ---> 8 ** 94
[1, 1, 100] ---> 9 ** 93
[1, 1, 1, 1, 100] ---> 10 ** 94
[1, 1, 1, 100] ---> 9 ** 94
[1, 1, 100] ---> 8 ** 94
[1, 1, 100] ---> 9 ** 93
[1, 1, 1, 100] ---> 10 ** 93
[1, 1, 100] ---> 9 ** 93
[1, 1, 100] ---> 10 ** 92
[1, 1, 1, 1, 1, 1, 100] ---> 11 ** 95
[1, 1, 1, 1, 1, 100] ---> 10 ** 95
[1, 1, 1, 1, 100] ---> 9 ** 95
[1, 1, 1, 100] ---> 8 ** 95
[1, 1, 100] ---> 7 ** 95
[1, 1, 100] ---> 8 ** 94
[1, 1, 1, 100] ---> 9 ** 94
[1, 1, 100] ---> 8 ** 94
[1, 1, 100] ---> 9 ** 93
[1, 1, 1, 1, 100] ---> 10 ** 94
[1, 1, 1, 100] ---> 9 ** 94
[1, 1, 100] ---> 8 ** 94
[1, 1, 100] ---> 9 ** 93
[1, 1, 1, 100] ---> 10 ** 93
[1, 1, 100] ---> 9 ** 93
[1, 1, 100] ---> 10 ** 92
[1, 1, 1, 1, 1, 100] ---> 11 ** 94
[1, 1, 1, 1, 100] ---> 10 ** 94
[1, 1, 1, 100] ---> 9 ** 94
[1, 1, 100] ---> 8 ** 94
[1, 1, 100] ---> 9 ** 93
[1, 1, 1, 100] ---> 10 ** 93
[1, 1, 100] ---> 9 ** 93
[1, 1, 100] ---> 10 ** 92
[1, 1, 1, 1, 100] ---> 11 ** 93
[1, 1, 1, 100] ---> 10 ** 93
[1, 1, 100] ---> 9 ** 93
[1, 1, 100] ---> 10 ** 92
[1, 1, 1, 100] ---> 11 ** 92
[1, 1, 100] ---> 10 ** 92
[1, 1, 100] ---> 11 ** 91
[1, 1, 1, 1, 1, 1, 1, 1, 1, 1, 100] ---> 12 ** 98
[1, 1, 1, 1, 1, 1, 1, 1, 1, 100] ---> 11 ** 98
[1, 1, 1, 1, 1, 1, 1, 1, 100] ---> 10 ** 98
[1, 1, 1, 1, 1, 1, 1, 100] ---> 9 ** 98
[1, 1, 1, 1, 1, 1, 100] ---> 8 ** 98
[1, 1, 1, 1, 1, 100] ---> 7 ** 98
[1, 1, 1, 1, 100] ---> 6 ** 98
[1, 1, 1, 100] ---> 5 ** 98
[1, 1, 100] ---> 4 ** 98
[1, 1, 100] ---> 5 ** 97
[1, 1, 1, 100] ---> 6 ** 97
[1, 1, 100] ---> 5 ** 97
[1, 1, 100] ---> 6 ** 96
[1, 1, 1, 1, 100] ---> 7 ** 97
[1, 1, 1, 100] ---> 6 ** 97
[1, 1, 100] ---> 5 ** 97
[1, 1, 100] ---> 6 ** 96
[1, 1, 1, 100] ---> 7 ** 96
[1, 1, 100] ---> 6 ** 96
[1, 1, 100] ---> 7 ** 95
[1, 1, 1, 1, 1, 100] ---> 8 ** 97
[1, 1, 1, 1, 100] ---> 7 ** 97
[1, 1, 1, 100] ---> 6 ** 97
[1, 1, 100] ---> 5 ** 97
[1, 1, 100] ---> 6 ** 96
[1, 1, 1, 100] ---> 7 ** 96
[1, 1, 100] ---> 6 ** 96
[1, 1, 100] ---> 7 ** 95
[1, 1, 1, 1, 100] ---> 8 ** 96
[1, 1, 1, 100] ---> 7 ** 96
[1, 1, 100] ---> 6 ** 96
[1, 1, 100] ---> 7 ** 95
[1, 1, 1, 100] ---> 8 ** 95
[1, 1, 100] ---> 7 ** 95
[1, 1, 100] ---> 8 ** 94
[1, 1, 1, 1, 1, 1, 100] ---> 9 ** 97
[1, 1, 1, 1, 1, 100] ---> 8 ** 97
[1, 1, 1, 1, 100] ---> 7 ** 97
[1, 1, 1, 100] ---> 6 ** 97
[1, 1, 100] ---> 5 ** 97
[1, 1, 100] ---> 6 ** 96
[1, 1, 1, 100] ---> 7 ** 96
[1, 1, 100] ---> 6 ** 96
[1, 1, 100] ---> 7 ** 95
[1, 1, 1, 1, 100] ---> 8 ** 96
[1, 1, 1, 100] ---> 7 ** 96
[1, 1, 100] ---> 6 ** 96
[1, 1, 100] ---> 7 ** 95
[1, 1, 1, 100] ---> 8 ** 95
[1, 1, 100] ---> 7 ** 95
[1, 1, 100] ---> 8 ** 94
[1, 1, 1, 1, 1, 100] ---> 9 ** 96
[1, 1, 1, 1, 100] ---> 8 ** 96
[1, 1, 1, 100] ---> 7 ** 96
[1, 1, 100] ---> 6 ** 96
[1, 1, 100] ---> 7 ** 95
[1, 1, 1, 100] ---> 8 ** 95
[1, 1, 100] ---> 7 ** 95
[1, 1, 100] ---> 8 ** 94
[1, 1, 1, 1, 100] ---> 9 ** 95
[1, 1, 1, 100] ---> 8 ** 95
[1, 1, 100] ---> 7 ** 95
[1, 1, 100] ---> 8 ** 94
[1, 1, 1, 100] ---> 9 ** 94
[1, 1, 100] ---> 8 ** 94
[1, 1, 100] ---> 9 ** 93
[1, 1, 1, 1, 1, 1, 1, 100] ---> 10 ** 97
[1, 1, 1, 1, 1, 1, 100] ---> 9 ** 97
[1, 1, 1, 1, 1, 100] ---> 8 ** 97
[1, 1, 1, 1, 100] ---> 7 ** 97
[1, 1, 1, 100] ---> 6 ** 97
[1, 1, 100] ---> 5 ** 97
[1, 1, 100] ---> 6 ** 96
[1, 1, 1, 100] ---> 7 ** 96
[1, 1, 100] ---> 6 ** 96
[1, 1, 100] ---> 7 ** 95
[1, 1, 1, 1, 100] ---> 8 ** 96
[1, 1, 1, 100] ---> 7 ** 96
[1, 1, 100] ---> 6 ** 96
[1, 1, 100] ---> 7 ** 95
[1, 1, 1, 100] ---> 8 ** 95
[1, 1, 100] ---> 7 ** 95
[1, 1, 100] ---> 8 ** 94
[1, 1, 1, 1, 1, 100] ---> 9 ** 96
[1, 1, 1, 1, 100] ---> 8 ** 96
[1, 1, 1, 100] ---> 7 ** 96
[1, 1, 100] ---> 6 ** 96
[1, 1, 100] ---> 7 ** 95
[1, 1, 1, 100] ---> 8 ** 95
[1, 1, 100] ---> 7 ** 95
[1, 1, 100] ---> 8 ** 94
[1, 1, 1, 1, 100] ---> 9 ** 95
[1, 1, 1, 100] ---> 8 ** 95
[1, 1, 100] ---> 7 ** 95
[1, 1, 100] ---> 8 ** 94
[1, 1, 1, 100] ---> 9 ** 94
[1, 1, 100] ---> 8 ** 94
[1, 1, 100] ---> 9 ** 93
[1, 1, 1, 1, 1, 1, 100] ---> 10 ** 96
[1, 1, 1, 1, 1, 100] ---> 9 ** 96
[1, 1, 1, 1, 100] ---> 8 ** 96
[1, 1, 1, 100] ---> 7 ** 96
[1, 1, 100] ---> 6 ** 96
[1, 1, 100] ---> 7 ** 95
[1, 1, 1, 100] ---> 8 ** 95
[1, 1, 100] ---> 7 ** 95
[1, 1, 100] ---> 8 ** 94
[1, 1, 1, 1, 100] ---> 9 ** 95
[1, 1, 1, 100] ---> 8 ** 95
[1, 1, 100] ---> 7 ** 95
[1, 1, 100] ---> 8 ** 94
[1, 1, 1, 100] ---> 9 ** 94
[1, 1, 100] ---> 8 ** 94
[1, 1, 100] ---> 9 ** 93
[1, 1, 1, 1, 1, 100] ---> 10 ** 95
[1, 1, 1, 1, 100] ---> 9 ** 95
[1, 1, 1, 100] ---> 8 ** 95
[1, 1, 100] ---> 7 ** 95
[1, 1, 100] ---> 8 ** 94
[1, 1, 1, 100] ---> 9 ** 94
[1, 1, 100] ---> 8 ** 94
[1, 1, 100] ---> 9 ** 93
[1, 1, 1, 1, 100] ---> 10 ** 94
[1, 1, 1, 100] ---> 9 ** 94
[1, 1, 100] ---> 8 ** 94
[1, 1, 100] ---> 9 ** 93
[1, 1, 1, 100] ---> 10 ** 93
[1, 1, 100] ---> 9 ** 93
[1, 1, 100] ---> 10 ** 92
[1, 1, 1, 1, 1, 1, 1, 1, 100] ---> 11 ** 97
[1, 1, 1, 1, 1, 1, 1, 100] ---> 10 ** 97
[1, 1, 1, 1, 1, 1, 100] ---> 9 ** 97
[1, 1, 1, 1, 1, 100] ---> 8 ** 97
[1, 1, 1, 1, 100] ---> 7 ** 97
[1, 1, 1, 100] ---> 6 ** 97
[1, 1, 100] ---> 5 ** 97
[1, 1, 100] ---> 6 ** 96
[1, 1, 1, 100] ---> 7 ** 96
[1, 1, 100] ---> 6 ** 96
[1, 1, 100] ---> 7 ** 95
[1, 1, 1, 1, 100] ---> 8 ** 96
[1, 1, 1, 100] ---> 7 ** 96
[1, 1, 100] ---> 6 ** 96
[1, 1, 100] ---> 7 ** 95
[1, 1, 1, 100] ---> 8 ** 95
[1, 1, 100] ---> 7 ** 95
[1, 1, 100] ---> 8 ** 94
[1, 1, 1, 1, 1, 100] ---> 9 ** 96
[1, 1, 1, 1, 100] ---> 8 ** 96
[1, 1, 1, 100] ---> 7 ** 96
[1, 1, 100] ---> 6 ** 96
[1, 1, 100] ---> 7 ** 95
[1, 1, 1, 100] ---> 8 ** 95
[1, 1, 100] ---> 7 ** 95
[1, 1, 100] ---> 8 ** 94
[1, 1, 1, 1, 100] ---> 9 ** 95
[1, 1, 1, 100] ---> 8 ** 95
[1, 1, 100] ---> 7 ** 95
[1, 1, 100] ---> 8 ** 94
[1, 1, 1, 100] ---> 9 ** 94
[1, 1, 100] ---> 8 ** 94
[1, 1, 100] ---> 9 ** 93
[1, 1, 1, 1, 1, 1, 100] ---> 10 ** 96
[1, 1, 1, 1, 1, 100] ---> 9 ** 96
[1, 1, 1, 1, 100] ---> 8 ** 96
[1, 1, 1, 100] ---> 7 ** 96
[1, 1, 100] ---> 6 ** 96
[1, 1, 100] ---> 7 ** 95
[1, 1, 1, 100] ---> 8 ** 95
[1, 1, 100] ---> 7 ** 95
[1, 1, 100] ---> 8 ** 94
[1, 1, 1, 1, 100] ---> 9 ** 95
[1, 1, 1, 100] ---> 8 ** 95
[1, 1, 100] ---> 7 ** 95
[1, 1, 100] ---> 8 ** 94
[1, 1, 1, 100] ---> 9 ** 94
[1, 1, 100] ---> 8 ** 94
[1, 1, 100] ---> 9 ** 93
[1, 1, 1, 1, 1, 100] ---> 10 ** 95
[1, 1, 1, 1, 100] ---> 9 ** 95
[1, 1, 1, 100] ---> 8 ** 95
[1, 1, 100] ---> 7 ** 95
[1, 1, 100] ---> 8 ** 94
[1, 1, 1, 100] ---> 9 ** 94
[1, 1, 100] ---> 8 ** 94
[1, 1, 100] ---> 9 ** 93
[1, 1, 1, 1, 100] ---> 10 ** 94
[1, 1, 1, 100] ---> 9 ** 94
[1, 1, 100] ---> 8 ** 94
[1, 1, 100] ---> 9 ** 93
[1, 1, 1, 100] ---> 10 ** 93
[1, 1, 100] ---> 9 ** 93
[1, 1, 100] ---> 10 ** 92
[1, 1, 1, 1, 1, 1, 1, 100] ---> 11 ** 96
[1, 1, 1, 1, 1, 1, 100] ---> 10 ** 96
[1, 1, 1, 1, 1, 100] ---> 9 ** 96
[1, 1, 1, 1, 100] ---> 8 ** 96
[1, 1, 1, 100] ---> 7 ** 96
[1, 1, 100] ---> 6 ** 96
[1, 1, 100] ---> 7 ** 95
[1, 1, 1, 100] ---> 8 ** 95
[1, 1, 100] ---> 7 ** 95
[1, 1, 100] ---> 8 ** 94
[1, 1, 1, 1, 100] ---> 9 ** 95
[1, 1, 1, 100] ---> 8 ** 95
[1, 1, 100] ---> 7 ** 95
[1, 1, 100] ---> 8 ** 94
[1, 1, 1, 100] ---> 9 ** 94
[1, 1, 100] ---> 8 ** 94
[1, 1, 100] ---> 9 ** 93
[1, 1, 1, 1, 1, 100] ---> 10 ** 95
[1, 1, 1, 1, 100] ---> 9 ** 95
[1, 1, 1, 100] ---> 8 ** 95
[1, 1, 100] ---> 7 ** 95
[1, 1, 100] ---> 8 ** 94
[1, 1, 1, 100] ---> 9 ** 94
[1, 1, 100] ---> 8 ** 94
[1, 1, 100] ---> 9 ** 93
[1, 1, 1, 1, 100] ---> 10 ** 94
[1, 1, 1, 100] ---> 9 ** 94
[1, 1, 100] ---> 8 ** 94
[1, 1, 100] ---> 9 ** 93
[1, 1, 1, 100] ---> 10 ** 93
[1, 1, 100] ---> 9 ** 93
[1, 1, 100] ---> 10 ** 92
[1, 1, 1, 1, 1, 1, 100] ---> 11 ** 95
[1, 1, 1, 1, 1, 100] ---> 10 ** 95
[1, 1, 1, 1, 100] ---> 9 ** 95
[1, 1, 1, 100] ---> 8 ** 95
[1, 1, 100] ---> 7 ** 95
[1, 1, 100] ---> 8 ** 94
[1, 1, 1, 100] ---> 9 ** 94
[1, 1, 100] ---> 8 ** 94
[1, 1, 100] ---> 9 ** 93
[1, 1, 1, 1, 100] ---> 10 ** 94
[1, 1, 1, 100] ---> 9 ** 94
[1, 1, 100] ---> 8 ** 94
[1, 1, 100] ---> 9 ** 93
[1, 1, 1, 100] ---> 10 ** 93
[1, 1, 100] ---> 9 ** 93
[1, 1, 100] ---> 10 ** 92
[1, 1, 1, 1, 1, 100] ---> 11 ** 94
[1, 1, 1, 1, 100] ---> 10 ** 94
[1, 1, 1, 100] ---> 9 ** 94
[1, 1, 100] ---> 8 ** 94
[1, 1, 100] ---> 9 ** 93
[1, 1, 1, 100] ---> 10 ** 93
[1, 1, 100] ---> 9 ** 93
[1, 1, 100] ---> 10 ** 92
[1, 1, 1, 1, 100] ---> 11 ** 93
[1, 1, 1, 100] ---> 10 ** 93
[1, 1, 100] ---> 9 ** 93
[1, 1, 100] ---> 10 ** 92
[1, 1, 1, 100] ---> 11 ** 92
[1, 1, 100] ---> 10 ** 92
[1, 1, 100] ---> 11 ** 91
[1, 1, 1, 1, 1, 1, 1, 1, 1, 100] ---> 12 ** 97
[1, 1, 1, 1, 1, 1, 1, 1, 100] ---> 11 ** 97
[1, 1, 1, 1, 1, 1, 1, 100] ---> 10 ** 97
[1, 1, 1, 1, 1, 1, 100] ---> 9 ** 97
[1, 1, 1, 1, 1, 100] ---> 8 ** 97
[1, 1, 1, 1, 100] ---> 7 ** 97
[1, 1, 1, 100] ---> 6 ** 97
[1, 1, 100] ---> 5 ** 97
[1, 1, 100] ---> 6 ** 96
[1, 1, 1, 100] ---> 7 ** 96
[1, 1, 100] ---> 6 ** 96
[1, 1, 100] ---> 7 ** 95
[1, 1, 1, 1, 100] ---> 8 ** 96
[1, 1, 1, 100] ---> 7 ** 96
[1, 1, 100] ---> 6 ** 96
[1, 1, 100] ---> 7 ** 95
[1, 1, 1, 100] ---> 8 ** 95
[1, 1, 100] ---> 7 ** 95
[1, 1, 100] ---> 8 ** 94
[1, 1, 1, 1, 1, 100] ---> 9 ** 96
[1, 1, 1, 1, 100] ---> 8 ** 96
[1, 1, 1, 100] ---> 7 ** 96
[1, 1, 100] ---> 6 ** 96
[1, 1, 100] ---> 7 ** 95
[1, 1, 1, 100] ---> 8 ** 95
[1, 1, 100] ---> 7 ** 95
[1, 1, 100] ---> 8 ** 94
[1, 1, 1, 1, 100] ---> 9 ** 95
[1, 1, 1, 100] ---> 8 ** 95
[1, 1, 100] ---> 7 ** 95
[1, 1, 100] ---> 8 ** 94
[1, 1, 1, 100] ---> 9 ** 94
[1, 1, 100] ---> 8 ** 94
[1, 1, 100] ---> 9 ** 93
[1, 1, 1, 1, 1, 1, 100] ---> 10 ** 96
[1, 1, 1, 1, 1, 100] ---> 9 ** 96
[1, 1, 1, 1, 100] ---> 8 ** 96
[1, 1, 1, 100] ---> 7 ** 96
[1, 1, 100] ---> 6 ** 96
[1, 1, 100] ---> 7 ** 95
[1, 1, 1, 100] ---> 8 ** 95
[1, 1, 100] ---> 7 ** 95
[1, 1, 100] ---> 8 ** 94
[1, 1, 1, 1, 100] ---> 9 ** 95
[1, 1, 1, 100] ---> 8 ** 95
[1, 1, 100] ---> 7 ** 95
[1, 1, 100] ---> 8 ** 94
[1, 1, 1, 100] ---> 9 ** 94
[1, 1, 100] ---> 8 ** 94
[1, 1, 100] ---> 9 ** 93
[1, 1, 1, 1, 1, 100] ---> 10 ** 95
[1, 1, 1, 1, 100] ---> 9 ** 95
[1, 1, 1, 100] ---> 8 ** 95
[1, 1, 100] ---> 7 ** 95
[1, 1, 100] ---> 8 ** 94
[1, 1, 1, 100] ---> 9 ** 94
[1, 1, 100] ---> 8 ** 94
[1, 1, 100] ---> 9 ** 93
[1, 1, 1, 1, 100] ---> 10 ** 94
[1, 1, 1, 100] ---> 9 ** 94
[1, 1, 100] ---> 8 ** 94
[1, 1, 100] ---> 9 ** 93
[1, 1, 1, 100] ---> 10 ** 93
[1, 1, 100] ---> 9 ** 93
[1, 1, 100] ---> 10 ** 92
[1, 1, 1, 1, 1, 1, 1, 100] ---> 11 ** 96
[1, 1, 1, 1, 1, 1, 100] ---> 10 ** 96
[1, 1, 1, 1, 1, 100] ---> 9 ** 96
[1, 1, 1, 1, 100] ---> 8 ** 96
[1, 1, 1, 100] ---> 7 ** 96
[1, 1, 100] ---> 6 ** 96
[1, 1, 100] ---> 7 ** 95
[1, 1, 1, 100] ---> 8 ** 95
[1, 1, 100] ---> 7 ** 95
[1, 1, 100] ---> 8 ** 94
[1, 1, 1, 1, 100] ---> 9 ** 95
[1, 1, 1, 100] ---> 8 ** 95
[1, 1, 100] ---> 7 ** 95
[1, 1, 100] ---> 8 ** 94
[1, 1, 1, 100] ---> 9 ** 94
[1, 1, 100] ---> 8 ** 94
[1, 1, 100] ---> 9 ** 93
[1, 1, 1, 1, 1, 100] ---> 10 ** 95
[1, 1, 1, 1, 100] ---> 9 ** 95
[1, 1, 1, 100] ---> 8 ** 95
[1, 1, 100] ---> 7 ** 95
[1, 1, 100] ---> 8 ** 94
[1, 1, 1, 100] ---> 9 ** 94
[1, 1, 100] ---> 8 ** 94
[1, 1, 100] ---> 9 ** 93
[1, 1, 1, 1, 100] ---> 10 ** 94
[1, 1, 1, 100] ---> 9 ** 94
[1, 1, 100] ---> 8 ** 94
[1, 1, 100] ---> 9 ** 93
[1, 1, 1, 100] ---> 10 ** 93
[1, 1, 100] ---> 9 ** 93
[1, 1, 100] ---> 10 ** 92
[1, 1, 1, 1, 1, 1, 100] ---> 11 ** 95
[1, 1, 1, 1, 1, 100] ---> 10 ** 95
[1, 1, 1, 1, 100] ---> 9 ** 95
[1, 1, 1, 100] ---> 8 ** 95
[1, 1, 100] ---> 7 ** 95
[1, 1, 100] ---> 8 ** 94
[1, 1, 1, 100] ---> 9 ** 94
[1, 1, 100] ---> 8 ** 94
[1, 1, 100] ---> 9 ** 93
[1, 1, 1, 1, 100] ---> 10 ** 94
[1, 1, 1, 100] ---> 9 ** 94
[1, 1, 100] ---> 8 ** 94
[1, 1, 100] ---> 9 ** 93
[1, 1, 1, 100] ---> 10 ** 93
[1, 1, 100] ---> 9 ** 93
[1, 1, 100] ---> 10 ** 92
[1, 1, 1, 1, 1, 100] ---> 11 ** 94
[1, 1, 1, 1, 100] ---> 10 ** 94
[1, 1, 1, 100] ---> 9 ** 94
[1, 1, 100] ---> 8 ** 94
[1, 1, 100] ---> 9 ** 93
[1, 1, 1, 100] ---> 10 ** 93
[1, 1, 100] ---> 9 ** 93
[1, 1, 100] ---> 10 ** 92
[1, 1, 1, 1, 100] ---> 11 ** 93
[1, 1, 1, 100] ---> 10 ** 93
[1, 1, 100] ---> 9 ** 93
[1, 1, 100] ---> 10 ** 92
[1, 1, 1, 100] ---> 11 ** 92
[1, 1, 100] ---> 10 ** 92
[1, 1, 100] ---> 11 ** 91
[1, 1, 1, 1, 1, 1, 1, 1, 100] ---> 12 ** 96
[1, 1, 1, 1, 1, 1, 1, 100] ---> 11 ** 96
[1, 1, 1, 1, 1, 1, 100] ---> 10 ** 96
[1, 1, 1, 1, 1, 100] ---> 9 ** 96
[1, 1, 1, 1, 100] ---> 8 ** 96
[1, 1, 1, 100] ---> 7 ** 96
[1, 1, 100] ---> 6 ** 96
[1, 1, 100] ---> 7 ** 95
[1, 1, 1, 100] ---> 8 ** 95
[1, 1, 100] ---> 7 ** 95
[1, 1, 100] ---> 8 ** 94
[1, 1, 1, 1, 100] ---> 9 ** 95
[1, 1, 1, 100] ---> 8 ** 95
[1, 1, 100] ---> 7 ** 95
[1, 1, 100] ---> 8 ** 94
[1, 1, 1, 100] ---> 9 ** 94
[1, 1, 100] ---> 8 ** 94
[1, 1, 100] ---> 9 ** 93
[1, 1, 1, 1, 1, 100] ---> 10 ** 95
[1, 1, 1, 1, 100] ---> 9 ** 95
[1, 1, 1, 100] ---> 8 ** 95
[1, 1, 100] ---> 7 ** 95
[1, 1, 100] ---> 8 ** 94
[1, 1, 1, 100] ---> 9 ** 94
[1, 1, 100] ---> 8 ** 94
[1, 1, 100] ---> 9 ** 93
[1, 1, 1, 1, 100] ---> 10 ** 94
[1, 1, 1, 100] ---> 9 ** 94
[1, 1, 100] ---> 8 ** 94
[1, 1, 100] ---> 9 ** 93
[1, 1, 1, 100] ---> 10 ** 93
[1, 1, 100] ---> 9 ** 93
[1, 1, 100] ---> 10 ** 92
[1, 1, 1, 1, 1, 1, 100] ---> 11 ** 95
[1, 1, 1, 1, 1, 100] ---> 10 ** 95
[1, 1, 1, 1, 100] ---> 9 ** 95
[1, 1, 1, 100] ---> 8 ** 95
[1, 1, 100] ---> 7 ** 95
[1, 1, 100] ---> 8 ** 94
[1, 1, 1, 100] ---> 9 ** 94
[1, 1, 100] ---> 8 ** 94
[1, 1, 100] ---> 9 ** 93
[1, 1, 1, 1, 100] ---> 10 ** 94
[1, 1, 1, 100] ---> 9 ** 94
[1, 1, 100] ---> 8 ** 94
[1, 1, 100] ---> 9 ** 93
[1, 1, 1, 100] ---> 10 ** 93
[1, 1, 100] ---> 9 ** 93
[1, 1, 100] ---> 10 ** 92
[1, 1, 1, 1, 1, 100] ---> 11 ** 94
[1, 1, 1, 1, 100] ---> 10 ** 94
[1, 1, 1, 100] ---> 9 ** 94
[1, 1, 100] ---> 8 ** 94
[1, 1, 100] ---> 9 ** 93
[1, 1, 1, 100] ---> 10 ** 93
[1, 1, 100] ---> 9 ** 93
[1, 1, 100] ---> 10 ** 92
[1, 1, 1, 1, 100] ---> 11 ** 93
[1, 1, 1, 100] ---> 10 ** 93
[1, 1, 100] ---> 9 ** 93
[1, 1, 100] ---> 10 ** 92
[1, 1, 1, 100] ---> 11 ** 92
[1, 1, 100] ---> 10 ** 92
[1, 1, 100] ---> 11 ** 91
[1, 1, 1, 1, 1, 1, 1, 100] ---> 12 ** 95
[1, 1, 1, 1, 1, 1, 100] ---> 11 ** 95
[1, 1, 1, 1, 1, 100] ---> 10 ** 95
[1, 1, 1, 1, 100] ---> 9 ** 95
[1, 1, 1, 100] ---> 8 ** 95
[1, 1, 100] ---> 7 ** 95
[1, 1, 100] ---> 8 ** 94
[1, 1, 1, 100] ---> 9 ** 94
[1, 1, 100] ---> 8 ** 94
[1, 1, 100] ---> 9 ** 93
[1, 1, 1, 1, 100] ---> 10 ** 94
[1, 1, 1, 100] ---> 9 ** 94
[1, 1, 100] ---> 8 ** 94
[1, 1, 100] ---> 9 ** 93
[1, 1, 1, 100] ---> 10 ** 93
[1, 1, 100] ---> 9 ** 93
[1, 1, 100] ---> 10 ** 92
[1, 1, 1, 1, 1, 100] ---> 11 ** 94
[1, 1, 1, 1, 100] ---> 10 ** 94
[1, 1, 1, 100] ---> 9 ** 94
[1, 1, 100] ---> 8 ** 94
[1, 1, 100] ---> 9 ** 93
[1, 1, 1, 100] ---> 10 ** 93
[1, 1, 100] ---> 9 ** 93
[1, 1, 100] ---> 10 ** 92
[1, 1, 1, 1, 100] ---> 11 ** 93
[1, 1, 1, 100] ---> 10 ** 93
[1, 1, 100] ---> 9 ** 93
[1, 1, 100] ---> 10 ** 92
[1, 1, 1, 100] ---> 11 ** 92
[1, 1, 100] ---> 10 ** 92
[1, 1, 100] ---> 11 ** 91
[1, 1, 1, 1, 1, 1, 100] ---> 12 ** 94
[1, 1, 1, 1, 1, 100] ---> 11 ** 94
[1, 1, 1, 1, 100] ---> 10 ** 94
[1, 1, 1, 100] ---> 9 ** 94
[1, 1, 100] ---> 8 ** 94
[1, 1, 100] ---> 9 ** 93
[1, 1, 1, 100] ---> 10 ** 93
[1, 1, 100] ---> 9 ** 93
[1, 1, 100] ---> 10 ** 92
[1, 1, 1, 1, 100] ---> 11 ** 93
[1, 1, 1, 100] ---> 10 ** 93
[1, 1, 100] ---> 9 ** 93
[1, 1, 100] ---> 10 ** 92
[1, 1, 1, 100] ---> 11 ** 92
[1, 1, 100] ---> 10 ** 92
[1, 1, 100] ---> 11 ** 91
[1, 1, 1, 1, 1, 100] ---> 12 ** 93
[1, 1, 1, 1, 100] ---> 11 ** 93
[1, 1, 1, 100] ---> 10 ** 93
[1, 1, 100] ---> 9 ** 93
[1, 1, 100] ---> 10 ** 92
[1, 1, 1, 100] ---> 11 ** 92
[1, 1, 100] ---> 10 ** 92
[1, 1, 100] ---> 11 ** 91
[1, 1, 1, 1, 100] ---> 12 ** 92
[1, 1, 1, 100] ---> 11 ** 92
[1, 1, 100] ---> 10 ** 92
[1, 1, 100] ---> 11 ** 91
[1, 1, 1, 100] ---> 12 ** 91
[1, 1, 100] ---> 11 ** 91
[1, 1, 100] ---> 12 ** 90
[1, 1, 1, 1, 1, 1, 1, 1, 1, 1, 1, 100] ---> 13 ** 98
[1, 1, 1, 1, 1, 1, 1, 1, 1, 1, 100] ---> 12 ** 98
[1, 1, 1, 1, 1, 1, 1, 1, 1, 100] ---> 11 ** 98
[1, 1, 1, 1, 1, 1, 1, 1, 100] ---> 10 ** 98
[1, 1, 1, 1, 1, 1, 1, 100] ---> 9 ** 98
[1, 1, 1, 1, 1, 1, 100] ---> 8 ** 98
[1, 1, 1, 1, 1, 100] ---> 7 ** 98
[1, 1, 1, 1, 100] ---> 6 ** 98
[1, 1, 1, 100] ---> 5 ** 98
[1, 1, 100] ---> 4 ** 98
[1, 1, 100] ---> 5 ** 97
[1, 1, 1, 100] ---> 6 ** 97
[1, 1, 100] ---> 5 ** 97
[1, 1, 100] ---> 6 ** 96
[1, 1, 1, 1, 100] ---> 7 ** 97
[1, 1, 1, 100] ---> 6 ** 97
[1, 1, 100] ---> 5 ** 97
[1, 1, 100] ---> 6 ** 96
[1, 1, 1, 100] ---> 7 ** 96
[1, 1, 100] ---> 6 ** 96
[1, 1, 100] ---> 7 ** 95
[1, 1, 1, 1, 1, 100] ---> 8 ** 97
[1, 1, 1, 1, 100] ---> 7 ** 97
[1, 1, 1, 100] ---> 6 ** 97
[1, 1, 100] ---> 5 ** 97
[1, 1, 100] ---> 6 ** 96
[1, 1, 1, 100] ---> 7 ** 96
[1, 1, 100] ---> 6 ** 96
[1, 1, 100] ---> 7 ** 95
[1, 1, 1, 1, 100] ---> 8 ** 96
[1, 1, 1, 100] ---> 7 ** 96
[1, 1, 100] ---> 6 ** 96
[1, 1, 100] ---> 7 ** 95
[1, 1, 1, 100] ---> 8 ** 95
[1, 1, 100] ---> 7 ** 95
[1, 1, 100] ---> 8 ** 94
[1, 1, 1, 1, 1, 1, 100] ---> 9 ** 97
[1, 1, 1, 1, 1, 100] ---> 8 ** 97
[1, 1, 1, 1, 100] ---> 7 ** 97
[1, 1, 1, 100] ---> 6 ** 97
[1, 1, 100] ---> 5 ** 97
[1, 1, 100] ---> 6 ** 96
[1, 1, 1, 100] ---> 7 ** 96
[1, 1, 100] ---> 6 ** 96
[1, 1, 100] ---> 7 ** 95
[1, 1, 1, 1, 100] ---> 8 ** 96
[1, 1, 1, 100] ---> 7 ** 96
[1, 1, 100] ---> 6 ** 96
[1, 1, 100] ---> 7 ** 95
[1, 1, 1, 100] ---> 8 ** 95
[1, 1, 100] ---> 7 ** 95
[1, 1, 100] ---> 8 ** 94
[1, 1, 1, 1, 1, 100] ---> 9 ** 96
[1, 1, 1, 1, 100] ---> 8 ** 96
[1, 1, 1, 100] ---> 7 ** 96
[1, 1, 100] ---> 6 ** 96
[1, 1, 100] ---> 7 ** 95
[1, 1, 1, 100] ---> 8 ** 95
[1, 1, 100] ---> 7 ** 95
[1, 1, 100] ---> 8 ** 94
[1, 1, 1, 1, 100] ---> 9 ** 95
[1, 1, 1, 100] ---> 8 ** 95
[1, 1, 100] ---> 7 ** 95
[1, 1, 100] ---> 8 ** 94
[1, 1, 1, 100] ---> 9 ** 94
[1, 1, 100] ---> 8 ** 94
[1, 1, 100] ---> 9 ** 93
[1, 1, 1, 1, 1, 1, 1, 100] ---> 10 ** 97
[1, 1, 1, 1, 1, 1, 100] ---> 9 ** 97
[1, 1, 1, 1, 1, 100] ---> 8 ** 97
[1, 1, 1, 1, 100] ---> 7 ** 97
[1, 1, 1, 100] ---> 6 ** 97
[1, 1, 100] ---> 5 ** 97
[1, 1, 100] ---> 6 ** 96
[1, 1, 1, 100] ---> 7 ** 96
[1, 1, 100] ---> 6 ** 96
[1, 1, 100] ---> 7 ** 95
[1, 1, 1, 1, 100] ---> 8 ** 96
[1, 1, 1, 100] ---> 7 ** 96
[1, 1, 100] ---> 6 ** 96
[1, 1, 100] ---> 7 ** 95
[1, 1, 1, 100] ---> 8 ** 95
[1, 1, 100] ---> 7 ** 95
[1, 1, 100] ---> 8 ** 94
[1, 1, 1, 1, 1, 100] ---> 9 ** 96
[1, 1, 1, 1, 100] ---> 8 ** 96
[1, 1, 1, 100] ---> 7 ** 96
[1, 1, 100] ---> 6 ** 96
[1, 1, 100] ---> 7 ** 95
[1, 1, 1, 100] ---> 8 ** 95
[1, 1, 100] ---> 7 ** 95
[1, 1, 100] ---> 8 ** 94
[1, 1, 1, 1, 100] ---> 9 ** 95
[1, 1, 1, 100] ---> 8 ** 95
[1, 1, 100] ---> 7 ** 95
[1, 1, 100] ---> 8 ** 94
[1, 1, 1, 100] ---> 9 ** 94
[1, 1, 100] ---> 8 ** 94
[1, 1, 100] ---> 9 ** 93
[1, 1, 1, 1, 1, 1, 100] ---> 10 ** 96
[1, 1, 1, 1, 1, 100] ---> 9 ** 96
[1, 1, 1, 1, 100] ---> 8 ** 96
[1, 1, 1, 100] ---> 7 ** 96
[1, 1, 100] ---> 6 ** 96
[1, 1, 100] ---> 7 ** 95
[1, 1, 1, 100] ---> 8 ** 95
[1, 1, 100] ---> 7 ** 95
[1, 1, 100] ---> 8 ** 94
[1, 1, 1, 1, 100] ---> 9 ** 95
[1, 1, 1, 100] ---> 8 ** 95
[1, 1, 100] ---> 7 ** 95
[1, 1, 100] ---> 8 ** 94
[1, 1, 1, 100] ---> 9 ** 94
[1, 1, 100] ---> 8 ** 94
[1, 1, 100] ---> 9 ** 93
[1, 1, 1, 1, 1, 100] ---> 10 ** 95
[1, 1, 1, 1, 100] ---> 9 ** 95
[1, 1, 1, 100] ---> 8 ** 95
[1, 1, 100] ---> 7 ** 95
[1, 1, 100] ---> 8 ** 94
[1, 1, 1, 100] ---> 9 ** 94
[1, 1, 100] ---> 8 ** 94
[1, 1, 100] ---> 9 ** 93
[1, 1, 1, 1, 100] ---> 10 ** 94
[1, 1, 1, 100] ---> 9 ** 94
[1, 1, 100] ---> 8 ** 94
[1, 1, 100] ---> 9 ** 93
[1, 1, 1, 100] ---> 10 ** 93
[1, 1, 100] ---> 9 ** 93
[1, 1, 100] ---> 10 ** 92
[1, 1, 1, 1, 1, 1, 1, 1, 100] ---> 11 ** 97
[1, 1, 1, 1, 1, 1, 1, 100] ---> 10 ** 97
[1, 1, 1, 1, 1, 1, 100] ---> 9 ** 97
[1, 1, 1, 1, 1, 100] ---> 8 ** 97
[1, 1, 1, 1, 100] ---> 7 ** 97
[1, 1, 1, 100] ---> 6 ** 97
[1, 1, 100] ---> 5 ** 97
[1, 1, 100] ---> 6 ** 96
[1, 1, 1, 100] ---> 7 ** 96
[1, 1, 100] ---> 6 ** 96
[1, 1, 100] ---> 7 ** 95
[1, 1, 1, 1, 100] ---> 8 ** 96
[1, 1, 1, 100] ---> 7 ** 96
[1, 1, 100] ---> 6 ** 96
[1, 1, 100] ---> 7 ** 95
[1, 1, 1, 100] ---> 8 ** 95
[1, 1, 100] ---> 7 ** 95
[1, 1, 100] ---> 8 ** 94
[1, 1, 1, 1, 1, 100] ---> 9 ** 96
[1, 1, 1, 1, 100] ---> 8 ** 96
[1, 1, 1, 100] ---> 7 ** 96
[1, 1, 100] ---> 6 ** 96
[1, 1, 100] ---> 7 ** 95
[1, 1, 1, 100] ---> 8 ** 95
[1, 1, 100] ---> 7 ** 95
[1, 1, 100] ---> 8 ** 94
[1, 1, 1, 1, 100] ---> 9 ** 95
[1, 1, 1, 100] ---> 8 ** 95
[1, 1, 100] ---> 7 ** 95
[1, 1, 100] ---> 8 ** 94
[1, 1, 1, 100] ---> 9 ** 94
[1, 1, 100] ---> 8 ** 94
[1, 1, 100] ---> 9 ** 93
[1, 1, 1, 1, 1, 1, 100] ---> 10 ** 96
[1, 1, 1, 1, 1, 100] ---> 9 ** 96
[1, 1, 1, 1, 100] ---> 8 ** 96
[1, 1, 1, 100] ---> 7 ** 96
[1, 1, 100] ---> 6 ** 96
[1, 1, 100] ---> 7 ** 95
[1, 1, 1, 100] ---> 8 ** 95
[1, 1, 100] ---> 7 ** 95
[1, 1, 100] ---> 8 ** 94
[1, 1, 1, 1, 100] ---> 9 ** 95
[1, 1, 1, 100] ---> 8 ** 95
[1, 1, 100] ---> 7 ** 95
[1, 1, 100] ---> 8 ** 94
[1, 1, 1, 100] ---> 9 ** 94
[1, 1, 100] ---> 8 ** 94
[1, 1, 100] ---> 9 ** 93
[1, 1, 1, 1, 1, 100] ---> 10 ** 95
[1, 1, 1, 1, 100] ---> 9 ** 95
[1, 1, 1, 100] ---> 8 ** 95
[1, 1, 100] ---> 7 ** 95
[1, 1, 100] ---> 8 ** 94
[1, 1, 1, 100] ---> 9 ** 94
[1, 1, 100] ---> 8 ** 94
[1, 1, 100] ---> 9 ** 93
[1, 1, 1, 1, 100] ---> 10 ** 94
[1, 1, 1, 100] ---> 9 ** 94
[1, 1, 100] ---> 8 ** 94
[1, 1, 100] ---> 9 ** 93
[1, 1, 1, 100] ---> 10 ** 93
[1, 1, 100] ---> 9 ** 93
[1, 1, 100] ---> 10 ** 92
[1, 1, 1, 1, 1, 1, 1, 100] ---> 11 ** 96
[1, 1, 1, 1, 1, 1, 100] ---> 10 ** 96
[1, 1, 1, 1, 1, 100] ---> 9 ** 96
[1, 1, 1, 1, 100] ---> 8 ** 96
[1, 1, 1, 100] ---> 7 ** 96
[1, 1, 100] ---> 6 ** 96
[1, 1, 100] ---> 7 ** 95
[1, 1, 1, 100] ---> 8 ** 95
[1, 1, 100] ---> 7 ** 95
[1, 1, 100] ---> 8 ** 94
[1, 1, 1, 1, 100] ---> 9 ** 95
[1, 1, 1, 100] ---> 8 ** 95
[1, 1, 100] ---> 7 ** 95
[1, 1, 100] ---> 8 ** 94
[1, 1, 1, 100] ---> 9 ** 94
[1, 1, 100] ---> 8 ** 94
[1, 1, 100] ---> 9 ** 93
[1, 1, 1, 1, 1, 100] ---> 10 ** 95
[1, 1, 1, 1, 100] ---> 9 ** 95
[1, 1, 1, 100] ---> 8 ** 95
[1, 1, 100] ---> 7 ** 95
[1, 1, 100] ---> 8 ** 94
[1, 1, 1, 100] ---> 9 ** 94
[1, 1, 100] ---> 8 ** 94
[1, 1, 100] ---> 9 ** 93
[1, 1, 1, 1, 100] ---> 10 ** 94
[1, 1, 1, 100] ---> 9 ** 94
[1, 1, 100] ---> 8 ** 94
[1, 1, 100] ---> 9 ** 93
[1, 1, 1, 100] ---> 10 ** 93
[1, 1, 100] ---> 9 ** 93
[1, 1, 100] ---> 10 ** 92
[1, 1, 1, 1, 1, 1, 100] ---> 11 ** 95
[1, 1, 1, 1, 1, 100] ---> 10 ** 95
[1, 1, 1, 1, 100] ---> 9 ** 95
[1, 1, 1, 100] ---> 8 ** 95
[1, 1, 100] ---> 7 ** 95
[1, 1, 100] ---> 8 ** 94
[1, 1, 1, 100] ---> 9 ** 94
[1, 1, 100] ---> 8 ** 94
[1, 1, 100] ---> 9 ** 93
[1, 1, 1, 1, 100] ---> 10 ** 94
[1, 1, 1, 100] ---> 9 ** 94
[1, 1, 100] ---> 8 ** 94
[1, 1, 100] ---> 9 ** 93
[1, 1, 1, 100] ---> 10 ** 93
[1, 1, 100] ---> 9 ** 93
[1, 1, 100] ---> 10 ** 92
[1, 1, 1, 1, 1, 100] ---> 11 ** 94
[1, 1, 1, 1, 100] ---> 10 ** 94
[1, 1, 1, 100] ---> 9 ** 94
[1, 1, 100] ---> 8 ** 94
[1, 1, 100] ---> 9 ** 93
[1, 1, 1, 100] ---> 10 ** 93
[1, 1, 100] ---> 9 ** 93
[1, 1, 100] ---> 10 ** 92
[1, 1, 1, 1, 100] ---> 11 ** 93
[1, 1, 1, 100] ---> 10 ** 93
[1, 1, 100] ---> 9 ** 93
[1, 1, 100] ---> 10 ** 92
[1, 1, 1, 100] ---> 11 ** 92
[1, 1, 100] ---> 10 ** 92
[1, 1, 100] ---> 11 ** 91
[1, 1, 1, 1, 1, 1, 1, 1, 1, 100] ---> 12 ** 97
[1, 1, 1, 1, 1, 1, 1, 1, 100] ---> 11 ** 97
[1, 1, 1, 1, 1, 1, 1, 100] ---> 10 ** 97
[1, 1, 1, 1, 1, 1, 100] ---> 9 ** 97
[1, 1, 1, 1, 1, 100] ---> 8 ** 97
[1, 1, 1, 1, 100] ---> 7 ** 97
[1, 1, 1, 100] ---> 6 ** 97
[1, 1, 100] ---> 5 ** 97
[1, 1, 100] ---> 6 ** 96
[1, 1, 1, 100] ---> 7 ** 96
[1, 1, 100] ---> 6 ** 96
[1, 1, 100] ---> 7 ** 95
[1, 1, 1, 1, 100] ---> 8 ** 96
[1, 1, 1, 100] ---> 7 ** 96
[1, 1, 100] ---> 6 ** 96
[1, 1, 100] ---> 7 ** 95
[1, 1, 1, 100] ---> 8 ** 95
[1, 1, 100] ---> 7 ** 95
[1, 1, 100] ---> 8 ** 94
[1, 1, 1, 1, 1, 100] ---> 9 ** 96
[1, 1, 1, 1, 100] ---> 8 ** 96
[1, 1, 1, 100] ---> 7 ** 96
[1, 1, 100] ---> 6 ** 96
[1, 1, 100] ---> 7 ** 95
[1, 1, 1, 100] ---> 8 ** 95
[1, 1, 100] ---> 7 ** 95
[1, 1, 100] ---> 8 ** 94
[1, 1, 1, 1, 100] ---> 9 ** 95
[1, 1, 1, 100] ---> 8 ** 95
[1, 1, 100] ---> 7 ** 95
[1, 1, 100] ---> 8 ** 94
[1, 1, 1, 100] ---> 9 ** 94
[1, 1, 100] ---> 8 ** 94
[1, 1, 100] ---> 9 ** 93
[1, 1, 1, 1, 1, 1, 100] ---> 10 ** 96
[1, 1, 1, 1, 1, 100] ---> 9 ** 96
[1, 1, 1, 1, 100] ---> 8 ** 96
[1, 1, 1, 100] ---> 7 ** 96
[1, 1, 100] ---> 6 ** 96
[1, 1, 100] ---> 7 ** 95
[1, 1, 1, 100] ---> 8 ** 95
[1, 1, 100] ---> 7 ** 95
[1, 1, 100] ---> 8 ** 94
[1, 1, 1, 1, 100] ---> 9 ** 95
[1, 1, 1, 100] ---> 8 ** 95
[1, 1, 100] ---> 7 ** 95
[1, 1, 100] ---> 8 ** 94
[1, 1, 1, 100] ---> 9 ** 94
[1, 1, 100] ---> 8 ** 94
[1, 1, 100] ---> 9 ** 93
[1, 1, 1, 1, 1, 100] ---> 10 ** 95
[1, 1, 1, 1, 100] ---> 9 ** 95
[1, 1, 1, 100] ---> 8 ** 95
[1, 1, 100] ---> 7 ** 95
[1, 1, 100] ---> 8 ** 94
[1, 1, 1, 100] ---> 9 ** 94
[1, 1, 100] ---> 8 ** 94
[1, 1, 100] ---> 9 ** 93
[1, 1, 1, 1, 100] ---> 10 ** 94
[1, 1, 1, 100] ---> 9 ** 94
[1, 1, 100] ---> 8 ** 94
[1, 1, 100] ---> 9 ** 93
[1, 1, 1, 100] ---> 10 ** 93
[1, 1, 100] ---> 9 ** 93
[1, 1, 100] ---> 10 ** 92
[1, 1, 1, 1, 1, 1, 1, 100] ---> 11 ** 96
[1, 1, 1, 1, 1, 1, 100] ---> 10 ** 96
[1, 1, 1, 1, 1, 100] ---> 9 ** 96
[1, 1, 1, 1, 100] ---> 8 ** 96
[1, 1, 1, 100] ---> 7 ** 96
[1, 1, 100] ---> 6 ** 96
[1, 1, 100] ---> 7 ** 95
[1, 1, 1, 100] ---> 8 ** 95
[1, 1, 100] ---> 7 ** 95
[1, 1, 100] ---> 8 ** 94
[1, 1, 1, 1, 100] ---> 9 ** 95
[1, 1, 1, 100] ---> 8 ** 95
[1, 1, 100] ---> 7 ** 95
[1, 1, 100] ---> 8 ** 94
[1, 1, 1, 100] ---> 9 ** 94
[1, 1, 100] ---> 8 ** 94
[1, 1, 100] ---> 9 ** 93
[1, 1, 1, 1, 1, 100] ---> 10 ** 95
[1, 1, 1, 1, 100] ---> 9 ** 95
[1, 1, 1, 100] ---> 8 ** 95
[1, 1, 100] ---> 7 ** 95
[1, 1, 100] ---> 8 ** 94
[1, 1, 1, 100] ---> 9 ** 94
[1, 1, 100] ---> 8 ** 94
[1, 1, 100] ---> 9 ** 93
[1, 1, 1, 1, 100] ---> 10 ** 94
[1, 1, 1, 100] ---> 9 ** 94
[1, 1, 100] ---> 8 ** 94
[1, 1, 100] ---> 9 ** 93
[1, 1, 1, 100] ---> 10 ** 93
[1, 1, 100] ---> 9 ** 93
[1, 1, 100] ---> 10 ** 92
[1, 1, 1, 1, 1, 1, 100] ---> 11 ** 95
[1, 1, 1, 1, 1, 100] ---> 10 ** 95
[1, 1, 1, 1, 100] ---> 9 ** 95
[1, 1, 1, 100] ---> 8 ** 95
[1, 1, 100] ---> 7 ** 95
[1, 1, 100] ---> 8 ** 94
[1, 1, 1, 100] ---> 9 ** 94
[1, 1, 100] ---> 8 ** 94
[1, 1, 100] ---> 9 ** 93
[1, 1, 1, 1, 100] ---> 10 ** 94
[1, 1, 1, 100] ---> 9 ** 94
[1, 1, 100] ---> 8 ** 94
[1, 1, 100] ---> 9 ** 93
[1, 1, 1, 100] ---> 10 ** 93
[1, 1, 100] ---> 9 ** 93
[1, 1, 100] ---> 10 ** 92
[1, 1, 1, 1, 1, 100] ---> 11 ** 94
[1, 1, 1, 1, 100] ---> 10 ** 94
[1, 1, 1, 100] ---> 9 ** 94
[1, 1, 100] ---> 8 ** 94
[1, 1, 100] ---> 9 ** 93
[1, 1, 1, 100] ---> 10 ** 93
[1, 1, 100] ---> 9 ** 93
[1, 1, 100] ---> 10 ** 92
[1, 1, 1, 1, 100] ---> 11 ** 93
[1, 1, 1, 100] ---> 10 ** 93
[1, 1, 100] ---> 9 ** 93
[1, 1, 100] ---> 10 ** 92
[1, 1, 1, 100] ---> 11 ** 92
[1, 1, 100] ---> 10 ** 92
[1, 1, 100] ---> 11 ** 91
[1, 1, 1, 1, 1, 1, 1, 1, 100] ---> 12 ** 96
[1, 1, 1, 1, 1, 1, 1, 100] ---> 11 ** 96
[1, 1, 1, 1, 1, 1, 100] ---> 10 ** 96
[1, 1, 1, 1, 1, 100] ---> 9 ** 96
[1, 1, 1, 1, 100] ---> 8 ** 96
[1, 1, 1, 100] ---> 7 ** 96
[1, 1, 100] ---> 6 ** 96
[1, 1, 100] ---> 7 ** 95
[1, 1, 1, 100] ---> 8 ** 95
[1, 1, 100] ---> 7 ** 95
[1, 1, 100] ---> 8 ** 94
[1, 1, 1, 1, 100] ---> 9 ** 95
[1, 1, 1, 100] ---> 8 ** 95
[1, 1, 100] ---> 7 ** 95
[1, 1, 100] ---> 8 ** 94
[1, 1, 1, 100] ---> 9 ** 94
[1, 1, 100] ---> 8 ** 94
[1, 1, 100] ---> 9 ** 93
[1, 1, 1, 1, 1, 100] ---> 10 ** 95
[1, 1, 1, 1, 100] ---> 9 ** 95
[1, 1, 1, 100] ---> 8 ** 95
[1, 1, 100] ---> 7 ** 95
[1, 1, 100] ---> 8 ** 94
[1, 1, 1, 100] ---> 9 ** 94
[1, 1, 100] ---> 8 ** 94
[1, 1, 100] ---> 9 ** 93
[1, 1, 1, 1, 100] ---> 10 ** 94
[1, 1, 1, 100] ---> 9 ** 94
[1, 1, 100] ---> 8 ** 94
[1, 1, 100] ---> 9 ** 93
[1, 1, 1, 100] ---> 10 ** 93
[1, 1, 100] ---> 9 ** 93
[1, 1, 100] ---> 10 ** 92
[1, 1, 1, 1, 1, 1, 100] ---> 11 ** 95
[1, 1, 1, 1, 1, 100] ---> 10 ** 95
[1, 1, 1, 1, 100] ---> 9 ** 95
[1, 1, 1, 100] ---> 8 ** 95
[1, 1, 100] ---> 7 ** 95
[1, 1, 100] ---> 8 ** 94
[1, 1, 1, 100] ---> 9 ** 94
[1, 1, 100] ---> 8 ** 94
[1, 1, 100] ---> 9 ** 93
[1, 1, 1, 1, 100] ---> 10 ** 94
[1, 1, 1, 100] ---> 9 ** 94
[1, 1, 100] ---> 8 ** 94
[1, 1, 100] ---> 9 ** 93
[1, 1, 1, 100] ---> 10 ** 93
[1, 1, 100] ---> 9 ** 93
[1, 1, 100] ---> 10 ** 92
[1, 1, 1, 1, 1, 100] ---> 11 ** 94
[1, 1, 1, 1, 100] ---> 10 ** 94
[1, 1, 1, 100] ---> 9 ** 94
[1, 1, 100] ---> 8 ** 94
[1, 1, 100] ---> 9 ** 93
[1, 1, 1, 100] ---> 10 ** 93
[1, 1, 100] ---> 9 ** 93
[1, 1, 100] ---> 10 ** 92
[1, 1, 1, 1, 100] ---> 11 ** 93
[1, 1, 1, 100] ---> 10 ** 93
[1, 1, 100] ---> 9 ** 93
[1, 1, 100] ---> 10 ** 92
[1, 1, 1, 100] ---> 11 ** 92
[1, 1, 100] ---> 10 ** 92
[1, 1, 100] ---> 11 ** 91
[1, 1, 1, 1, 1, 1, 1, 100] ---> 12 ** 95
[1, 1, 1, 1, 1, 1, 100] ---> 11 ** 95
[1, 1, 1, 1, 1, 100] ---> 10 ** 95
[1, 1, 1, 1, 100] ---> 9 ** 95
[1, 1, 1, 100] ---> 8 ** 95
[1, 1, 100] ---> 7 ** 95
[1, 1, 100] ---> 8 ** 94
[1, 1, 1, 100] ---> 9 ** 94
[1, 1, 100] ---> 8 ** 94
[1, 1, 100] ---> 9 ** 93
[1, 1, 1, 1, 100] ---> 10 ** 94
[1, 1, 1, 100] ---> 9 ** 94
[1, 1, 100] ---> 8 ** 94
[1, 1, 100] ---> 9 ** 93
[1, 1, 1, 100] ---> 10 ** 93
[1, 1, 100] ---> 9 ** 93
[1, 1, 100] ---> 10 ** 92
[1, 1, 1, 1, 1, 100] ---> 11 ** 94
[1, 1, 1, 1, 100] ---> 10 ** 94
[1, 1, 1, 100] ---> 9 ** 94
[1, 1, 100] ---> 8 ** 94
[1, 1, 100] ---> 9 ** 93
[1, 1, 1, 100] ---> 10 ** 93
[1, 1, 100] ---> 9 ** 93
[1, 1, 100] ---> 10 ** 92
[1, 1, 1, 1, 100] ---> 11 ** 93
[1, 1, 1, 100] ---> 10 ** 93
[1, 1, 100] ---> 9 ** 93
[1, 1, 100] ---> 10 ** 92
[1, 1, 1, 100] ---> 11 ** 92
[1, 1, 100] ---> 10 ** 92
[1, 1, 100] ---> 11 ** 91
[1, 1, 1, 1, 1, 1, 100] ---> 12 ** 94
[1, 1, 1, 1, 1, 100] ---> 11 ** 94
[1, 1, 1, 1, 100] ---> 10 ** 94
[1, 1, 1, 100] ---> 9 ** 94
[1, 1, 100] ---> 8 ** 94
[1, 1, 100] ---> 9 ** 93
[1, 1, 1, 100] ---> 10 ** 93
[1, 1, 100] ---> 9 ** 93
[1, 1, 100] ---> 10 ** 92
[1, 1, 1, 1, 100] ---> 11 ** 93
[1, 1, 1, 100] ---> 10 ** 93
[1, 1, 100] ---> 9 ** 93
[1, 1, 100] ---> 10 ** 92
[1, 1, 1, 100] ---> 11 ** 92
[1, 1, 100] ---> 10 ** 92
[1, 1, 100] ---> 11 ** 91
[1, 1, 1, 1, 1, 100] ---> 12 ** 93
[1, 1, 1, 1, 100] ---> 11 ** 93
[1, 1, 1, 100] ---> 10 ** 93
[1, 1, 100] ---> 9 ** 93
[1, 1, 100] ---> 10 ** 92
[1, 1, 1, 100] ---> 11 ** 92
[1, 1, 100] ---> 10 ** 92
[1, 1, 100] ---> 11 ** 91
[1, 1, 1, 1, 100] ---> 12 ** 92
[1, 1, 1, 100] ---> 11 ** 92
[1, 1, 100] ---> 10 ** 92
[1, 1, 100] ---> 11 ** 91
[1, 1, 1, 100] ---> 12 ** 91
[1, 1, 100] ---> 11 ** 91
[1, 1, 100] ---> 12 ** 90
[1, 1, 1, 1, 1, 1, 1, 1, 1, 1, 100] ---> 13 ** 97
[1, 1, 1, 1, 1, 1, 1, 1, 1, 100] ---> 12 ** 97
[1, 1, 1, 1, 1, 1, 1, 1, 100] ---> 11 ** 97
[1, 1, 1, 1, 1, 1, 1, 100] ---> 10 ** 97
[1, 1, 1, 1, 1, 1, 100] ---> 9 ** 97
[1, 1, 1, 1, 1, 100] ---> 8 ** 97
[1, 1, 1, 1, 100] ---> 7 ** 97
[1, 1, 1, 100] ---> 6 ** 97
[1, 1, 100] ---> 5 ** 97
[1, 1, 100] ---> 6 ** 96
[1, 1, 1, 100] ---> 7 ** 96
[1, 1, 100] ---> 6 ** 96
[1, 1, 100] ---> 7 ** 95
[1, 1, 1, 1, 100] ---> 8 ** 96
[1, 1, 1, 100] ---> 7 ** 96
[1, 1, 100] ---> 6 ** 96
[1, 1, 100] ---> 7 ** 95
[1, 1, 1, 100] ---> 8 ** 95
[1, 1, 100] ---> 7 ** 95
[1, 1, 100] ---> 8 ** 94
[1, 1, 1, 1, 1, 100] ---> 9 ** 96
[1, 1, 1, 1, 100] ---> 8 ** 96
[1, 1, 1, 100] ---> 7 ** 96
[1, 1, 100] ---> 6 ** 96
[1, 1, 100] ---> 7 ** 95
[1, 1, 1, 100] ---> 8 ** 95
[1, 1, 100] ---> 7 ** 95
[1, 1, 100] ---> 8 ** 94
[1, 1, 1, 1, 100] ---> 9 ** 95
[1, 1, 1, 100] ---> 8 ** 95
[1, 1, 100] ---> 7 ** 95
[1, 1, 100] ---> 8 ** 94
[1, 1, 1, 100] ---> 9 ** 94
[1, 1, 100] ---> 8 ** 94
[1, 1, 100] ---> 9 ** 93
[1, 1, 1, 1, 1, 1, 100] ---> 10 ** 96
[1, 1, 1, 1, 1, 100] ---> 9 ** 96
[1, 1, 1, 1, 100] ---> 8 ** 96
[1, 1, 1, 100] ---> 7 ** 96
[1, 1, 100] ---> 6 ** 96
[1, 1, 100] ---> 7 ** 95
[1, 1, 1, 100] ---> 8 ** 95
[1, 1, 100] ---> 7 ** 95
[1, 1, 100] ---> 8 ** 94
[1, 1, 1, 1, 100] ---> 9 ** 95
[1, 1, 1, 100] ---> 8 ** 95
[1, 1, 100] ---> 7 ** 95
[1, 1, 100] ---> 8 ** 94
[1, 1, 1, 100] ---> 9 ** 94
[1, 1, 100] ---> 8 ** 94
[1, 1, 100] ---> 9 ** 93
[1, 1, 1, 1, 1, 100] ---> 10 ** 95
[1, 1, 1, 1, 100] ---> 9 ** 95
[1, 1, 1, 100] ---> 8 ** 95
[1, 1, 100] ---> 7 ** 95
[1, 1, 100] ---> 8 ** 94
[1, 1, 1, 100] ---> 9 ** 94
[1, 1, 100] ---> 8 ** 94
[1, 1, 100] ---> 9 ** 93
[1, 1, 1, 1, 100] ---> 10 ** 94
[1, 1, 1, 100] ---> 9 ** 94
[1, 1, 100] ---> 8 ** 94
[1, 1, 100] ---> 9 ** 93
[1, 1, 1, 100] ---> 10 ** 93
[1, 1, 100] ---> 9 ** 93
[1, 1, 100] ---> 10 ** 92
[1, 1, 1, 1, 1, 1, 1, 100] ---> 11 ** 96
[1, 1, 1, 1, 1, 1, 100] ---> 10 ** 96
[1, 1, 1, 1, 1, 100] ---> 9 ** 96
[1, 1, 1, 1, 100] ---> 8 ** 96
[1, 1, 1, 100] ---> 7 ** 96
[1, 1, 100] ---> 6 ** 96
[1, 1, 100] ---> 7 ** 95
[1, 1, 1, 100] ---> 8 ** 95
[1, 1, 100] ---> 7 ** 95
[1, 1, 100] ---> 8 ** 94
[1, 1, 1, 1, 100] ---> 9 ** 95
[1, 1, 1, 100] ---> 8 ** 95
[1, 1, 100] ---> 7 ** 95
[1, 1, 100] ---> 8 ** 94
[1, 1, 1, 100] ---> 9 ** 94
[1, 1, 100] ---> 8 ** 94
[1, 1, 100] ---> 9 ** 93
[1, 1, 1, 1, 1, 100] ---> 10 ** 95
[1, 1, 1, 1, 100] ---> 9 ** 95
[1, 1, 1, 100] ---> 8 ** 95
[1, 1, 100] ---> 7 ** 95
[1, 1, 100] ---> 8 ** 94
[1, 1, 1, 100] ---> 9 ** 94
[1, 1, 100] ---> 8 ** 94
[1, 1, 100] ---> 9 ** 93
[1, 1, 1, 1, 100] ---> 10 ** 94
[1, 1, 1, 100] ---> 9 ** 94
[1, 1, 100] ---> 8 ** 94
[1, 1, 100] ---> 9 ** 93
[1, 1, 1, 100] ---> 10 ** 93
[1, 1, 100] ---> 9 ** 93
[1, 1, 100] ---> 10 ** 92
[1, 1, 1, 1, 1, 1, 100] ---> 11 ** 95
[1, 1, 1, 1, 1, 100] ---> 10 ** 95
[1, 1, 1, 1, 100] ---> 9 ** 95
[1, 1, 1, 100] ---> 8 ** 95
[1, 1, 100] ---> 7 ** 95
[1, 1, 100] ---> 8 ** 94
[1, 1, 1, 100] ---> 9 ** 94
[1, 1, 100] ---> 8 ** 94
[1, 1, 100] ---> 9 ** 93
[1, 1, 1, 1, 100] ---> 10 ** 94
[1, 1, 1, 100] ---> 9 ** 94
[1, 1, 100] ---> 8 ** 94
[1, 1, 100] ---> 9 ** 93
[1, 1, 1, 100] ---> 10 ** 93
[1, 1, 100] ---> 9 ** 93
[1, 1, 100] ---> 10 ** 92
[1, 1, 1, 1, 1, 100] ---> 11 ** 94
[1, 1, 1, 1, 100] ---> 10 ** 94
[1, 1, 1, 100] ---> 9 ** 94
[1, 1, 100] ---> 8 ** 94
[1, 1, 100] ---> 9 ** 93
[1, 1, 1, 100] ---> 10 ** 93
[1, 1, 100] ---> 9 ** 93
[1, 1, 100] ---> 10 ** 92
[1, 1, 1, 1, 100] ---> 11 ** 93
[1, 1, 1, 100] ---> 10 ** 93
[1, 1, 100] ---> 9 ** 93
[1, 1, 100] ---> 10 ** 92
[1, 1, 1, 100] ---> 11 ** 92
[1, 1, 100] ---> 10 ** 92
[1, 1, 100] ---> 11 ** 91
[1, 1, 1, 1, 1, 1, 1, 1, 100] ---> 12 ** 96
[1, 1, 1, 1, 1, 1, 1, 100] ---> 11 ** 96
[1, 1, 1, 1, 1, 1, 100] ---> 10 ** 96
[1, 1, 1, 1, 1, 100] ---> 9 ** 96
[1, 1, 1, 1, 100] ---> 8 ** 96
[1, 1, 1, 100] ---> 7 ** 96
[1, 1, 100] ---> 6 ** 96
[1, 1, 100] ---> 7 ** 95
[1, 1, 1, 100] ---> 8 ** 95
[1, 1, 100] ---> 7 ** 95
[1, 1, 100] ---> 8 ** 94
[1, 1, 1, 1, 100] ---> 9 ** 95
[1, 1, 1, 100] ---> 8 ** 95
[1, 1, 100] ---> 7 ** 95
[1, 1, 100] ---> 8 ** 94
[1, 1, 1, 100] ---> 9 ** 94
[1, 1, 100] ---> 8 ** 94
[1, 1, 100] ---> 9 ** 93
[1, 1, 1, 1, 1, 100] ---> 10 ** 95
[1, 1, 1, 1, 100] ---> 9 ** 95
[1, 1, 1, 100] ---> 8 ** 95
[1, 1, 100] ---> 7 ** 95
[1, 1, 100] ---> 8 ** 94
[1, 1, 1, 100] ---> 9 ** 94
[1, 1, 100] ---> 8 ** 94
[1, 1, 100] ---> 9 ** 93
[1, 1, 1, 1, 100] ---> 10 ** 94
[1, 1, 1, 100] ---> 9 ** 94
[1, 1, 100] ---> 8 ** 94
[1, 1, 100] ---> 9 ** 93
[1, 1, 1, 100] ---> 10 ** 93
[1, 1, 100] ---> 9 ** 93
[1, 1, 100] ---> 10 ** 92
[1, 1, 1, 1, 1, 1, 100] ---> 11 ** 95
[1, 1, 1, 1, 1, 100] ---> 10 ** 95
[1, 1, 1, 1, 100] ---> 9 ** 95
[1, 1, 1, 100] ---> 8 ** 95
[1, 1, 100] ---> 7 ** 95
[1, 1, 100] ---> 8 ** 94
[1, 1, 1, 100] ---> 9 ** 94
[1, 1, 100] ---> 8 ** 94
[1, 1, 100] ---> 9 ** 93
[1, 1, 1, 1, 100] ---> 10 ** 94
[1, 1, 1, 100] ---> 9 ** 94
[1, 1, 100] ---> 8 ** 94
[1, 1, 100] ---> 9 ** 93
[1, 1, 1, 100] ---> 10 ** 93
[1, 1, 100] ---> 9 ** 93
[1, 1, 100] ---> 10 ** 92
[1, 1, 1, 1, 1, 100] ---> 11 ** 94
[1, 1, 1, 1, 100] ---> 10 ** 94
[1, 1, 1, 100] ---> 9 ** 94
[1, 1, 100] ---> 8 ** 94
[1, 1, 100] ---> 9 ** 93
[1, 1, 1, 100] ---> 10 ** 93
[1, 1, 100] ---> 9 ** 93
[1, 1, 100] ---> 10 ** 92
[1, 1, 1, 1, 100] ---> 11 ** 93
[1, 1, 1, 100] ---> 10 ** 93
[1, 1, 100] ---> 9 ** 93
[1, 1, 100] ---> 10 ** 92
[1, 1, 1, 100] ---> 11 ** 92
[1, 1, 100] ---> 10 ** 92
[1, 1, 100] ---> 11 ** 91
[1, 1, 1, 1, 1, 1, 1, 100] ---> 12 ** 95
[1, 1, 1, 1, 1, 1, 100] ---> 11 ** 95
[1, 1, 1, 1, 1, 100] ---> 10 ** 95
[1, 1, 1, 1, 100] ---> 9 ** 95
[1, 1, 1, 100] ---> 8 ** 95
[1, 1, 100] ---> 7 ** 95
[1, 1, 100] ---> 8 ** 94
[1, 1, 1, 100] ---> 9 ** 94
[1, 1, 100] ---> 8 ** 94
[1, 1, 100] ---> 9 ** 93
[1, 1, 1, 1, 100] ---> 10 ** 94
[1, 1, 1, 100] ---> 9 ** 94
[1, 1, 100] ---> 8 ** 94
[1, 1, 100] ---> 9 ** 93
[1, 1, 1, 100] ---> 10 ** 93
[1, 1, 100] ---> 9 ** 93
[1, 1, 100] ---> 10 ** 92
[1, 1, 1, 1, 1, 100] ---> 11 ** 94
[1, 1, 1, 1, 100] ---> 10 ** 94
[1, 1, 1, 100] ---> 9 ** 94
[1, 1, 100] ---> 8 ** 94
[1, 1, 100] ---> 9 ** 93
[1, 1, 1, 100] ---> 10 ** 93
[1, 1, 100] ---> 9 ** 93
[1, 1, 100] ---> 10 ** 92
[1, 1, 1, 1, 100] ---> 11 ** 93
[1, 1, 1, 100] ---> 10 ** 93
[1, 1, 100] ---> 9 ** 93
[1, 1, 100] ---> 10 ** 92
[1, 1, 1, 100] ---> 11 ** 92
[1, 1, 100] ---> 10 ** 92
[1, 1, 100] ---> 11 ** 91
[1, 1, 1, 1, 1, 1, 100] ---> 12 ** 94
[1, 1, 1, 1, 1, 100] ---> 11 ** 94
[1, 1, 1, 1, 100] ---> 10 ** 94
[1, 1, 1, 100] ---> 9 ** 94
[1, 1, 100] ---> 8 ** 94
[1, 1, 100] ---> 9 ** 93
[1, 1, 1, 100] ---> 10 ** 93
[1, 1, 100] ---> 9 ** 93
[1, 1, 100] ---> 10 ** 92
[1, 1, 1, 1, 100] ---> 11 ** 93
[1, 1, 1, 100] ---> 10 ** 93
[1, 1, 100] ---> 9 ** 93
[1, 1, 100] ---> 10 ** 92
[1, 1, 1, 100] ---> 11 ** 92
[1, 1, 100] ---> 10 ** 92
[1, 1, 100] ---> 11 ** 91
[1, 1, 1, 1, 1, 100] ---> 12 ** 93
[1, 1, 1, 1, 100] ---> 11 ** 93
[1, 1, 1, 100] ---> 10 ** 93
[1, 1, 100] ---> 9 ** 93
[1, 1, 100] ---> 10 ** 92
[1, 1, 1, 100] ---> 11 ** 92
[1, 1, 100] ---> 10 ** 92
[1, 1, 100] ---> 11 ** 91
[1, 1, 1, 1, 100] ---> 12 ** 92
[1, 1, 1, 100] ---> 11 ** 92
[1, 1, 100] ---> 10 ** 92
[1, 1, 100] ---> 11 ** 91
[1, 1, 1, 100] ---> 12 ** 91
[1, 1, 100] ---> 11 ** 91
[1, 1, 100] ---> 12 ** 90
[1, 1, 1, 1, 1, 1, 1, 1, 1, 100] ---> 13 ** 96
[1, 1, 1, 1, 1, 1, 1, 1, 100] ---> 12 ** 96
[1, 1, 1, 1, 1, 1, 1, 100] ---> 11 ** 96
[1, 1, 1, 1, 1, 1, 100] ---> 10 ** 96
[1, 1, 1, 1, 1, 100] ---> 9 ** 96
[1, 1, 1, 1, 100] ---> 8 ** 96
[1, 1, 1, 100] ---> 7 ** 96
[1, 1, 100] ---> 6 ** 96
[1, 1, 100] ---> 7 ** 95
[1, 1, 1, 100] ---> 8 ** 95
[1, 1, 100] ---> 7 ** 95
[1, 1, 100] ---> 8 ** 94
[1, 1, 1, 1, 100] ---> 9 ** 95
[1, 1, 1, 100] ---> 8 ** 95
[1, 1, 100] ---> 7 ** 95
[1, 1, 100] ---> 8 ** 94
[1, 1, 1, 100] ---> 9 ** 94
[1, 1, 100] ---> 8 ** 94
[1, 1, 100] ---> 9 ** 93
[1, 1, 1, 1, 1, 100] ---> 10 ** 95
[1, 1, 1, 1, 100] ---> 9 ** 95
[1, 1, 1, 100] ---> 8 ** 95
[1, 1, 100] ---> 7 ** 95
[1, 1, 100] ---> 8 ** 94
[1, 1, 1, 100] ---> 9 ** 94
[1, 1, 100] ---> 8 ** 94
[1, 1, 100] ---> 9 ** 93
[1, 1, 1, 1, 100] ---> 10 ** 94
[1, 1, 1, 100] ---> 9 ** 94
[1, 1, 100] ---> 8 ** 94
[1, 1, 100] ---> 9 ** 93
[1, 1, 1, 100] ---> 10 ** 93
[1, 1, 100] ---> 9 ** 93
[1, 1, 100] ---> 10 ** 92
[1, 1, 1, 1, 1, 1, 100] ---> 11 ** 95
[1, 1, 1, 1, 1, 100] ---> 10 ** 95
[1, 1, 1, 1, 100] ---> 9 ** 95
[1, 1, 1, 100] ---> 8 ** 95
[1, 1, 100] ---> 7 ** 95
[1, 1, 100] ---> 8 ** 94
[1, 1, 1, 100] ---> 9 ** 94
[1, 1, 100] ---> 8 ** 94
[1, 1, 100] ---> 9 ** 93
[1, 1, 1, 1, 100] ---> 10 ** 94
[1, 1, 1, 100] ---> 9 ** 94
[1, 1, 100] ---> 8 ** 94
[1, 1, 100] ---> 9 ** 93
[1, 1, 1, 100] ---> 10 ** 93
[1, 1, 100] ---> 9 ** 93
[1, 1, 100] ---> 10 ** 92
[1, 1, 1, 1, 1, 100] ---> 11 ** 94
[1, 1, 1, 1, 100] ---> 10 ** 94
[1, 1, 1, 100] ---> 9 ** 94
[1, 1, 100] ---> 8 ** 94
[1, 1, 100] ---> 9 ** 93
[1, 1, 1, 100] ---> 10 ** 93
[1, 1, 100] ---> 9 ** 93
[1, 1, 100] ---> 10 ** 92
[1, 1, 1, 1, 100] ---> 11 ** 93
[1, 1, 1, 100] ---> 10 ** 93
[1, 1, 100] ---> 9 ** 93
[1, 1, 100] ---> 10 ** 92
[1, 1, 1, 100] ---> 11 ** 92
[1, 1, 100] ---> 10 ** 92
[1, 1, 100] ---> 11 ** 91
[1, 1, 1, 1, 1, 1, 1, 100] ---> 12 ** 95
[1, 1, 1, 1, 1, 1, 100] ---> 11 ** 95
[1, 1, 1, 1, 1, 100] ---> 10 ** 95
[1, 1, 1, 1, 100] ---> 9 ** 95
[1, 1, 1, 100] ---> 8 ** 95
[1, 1, 100] ---> 7 ** 95
[1, 1, 100] ---> 8 ** 94
[1, 1, 1, 100] ---> 9 ** 94
[1, 1, 100] ---> 8 ** 94
[1, 1, 100] ---> 9 ** 93
[1, 1, 1, 1, 100] ---> 10 ** 94
[1, 1, 1, 100] ---> 9 ** 94
[1, 1, 100] ---> 8 ** 94
[1, 1, 100] ---> 9 ** 93
[1, 1, 1, 100] ---> 10 ** 93
[1, 1, 100] ---> 9 ** 93
[1, 1, 100] ---> 10 ** 92
[1, 1, 1, 1, 1, 100] ---> 11 ** 94
[1, 1, 1, 1, 100] ---> 10 ** 94
[1, 1, 1, 100] ---> 9 ** 94
[1, 1, 100] ---> 8 ** 94
[1, 1, 100] ---> 9 ** 93
[1, 1, 1, 100] ---> 10 ** 93
[1, 1, 100] ---> 9 ** 93
[1, 1, 100] ---> 10 ** 92
[1, 1, 1, 1, 100] ---> 11 ** 93
[1, 1, 1, 100] ---> 10 ** 93
[1, 1, 100] ---> 9 ** 93
[1, 1, 100] ---> 10 ** 92
[1, 1, 1, 100] ---> 11 ** 92
[1, 1, 100] ---> 10 ** 92
[1, 1, 100] ---> 11 ** 91
[1, 1, 1, 1, 1, 1, 100] ---> 12 ** 94
[1, 1, 1, 1, 1, 100] ---> 11 ** 94
[1, 1, 1, 1, 100] ---> 10 ** 94
[1, 1, 1, 100] ---> 9 ** 94
[1, 1, 100] ---> 8 ** 94
[1, 1, 100] ---> 9 ** 93
[1, 1, 1, 100] ---> 10 ** 93
[1, 1, 100] ---> 9 ** 93
[1, 1, 100] ---> 10 ** 92
[1, 1, 1, 1, 100] ---> 11 ** 93
[1, 1, 1, 100] ---> 10 ** 93
[1, 1, 100] ---> 9 ** 93
[1, 1, 100] ---> 10 ** 92
[1, 1, 1, 100] ---> 11 ** 92
[1, 1, 100] ---> 10 ** 92
[1, 1, 100] ---> 11 ** 91
[1, 1, 1, 1, 1, 100] ---> 12 ** 93
[1, 1, 1, 1, 100] ---> 11 ** 93
[1, 1, 1, 100] ---> 10 ** 93
[1, 1, 100] ---> 9 ** 93
[1, 1, 100] ---> 10 ** 92
[1, 1, 1, 100] ---> 11 ** 92
[1, 1, 100] ---> 10 ** 92
[1, 1, 100] ---> 11 ** 91
[1, 1, 1, 1, 100] ---> 12 ** 92
[1, 1, 1, 100] ---> 11 ** 92
[1, 1, 100] ---> 10 ** 92
[1, 1, 100] ---> 11 ** 91
[1, 1, 1, 100] ---> 12 ** 91
[1, 1, 100] ---> 11 ** 91
[1, 1, 100] ---> 12 ** 90
[1, 1, 1, 1, 1, 1, 1, 1, 100] ---> 13 ** 95
[1, 1, 1, 1, 1, 1, 1, 100] ---> 12 ** 95
[1, 1, 1, 1, 1, 1, 100] ---> 11 ** 95
[1, 1, 1, 1, 1, 100] ---> 10 ** 95
[1, 1, 1, 1, 100] ---> 9 ** 95
[1, 1, 1, 100] ---> 8 ** 95
[1, 1, 100] ---> 7 ** 95
[1, 1, 100] ---> 8 ** 94
[1, 1, 1, 100] ---> 9 ** 94
[1, 1, 100] ---> 8 ** 94
[1, 1, 100] ---> 9 ** 93
[1, 1, 1, 1, 100] ---> 10 ** 94
[1, 1, 1, 100] ---> 9 ** 94
[1, 1, 100] ---> 8 ** 94
[1, 1, 100] ---> 9 ** 93
[1, 1, 1, 100] ---> 10 ** 93
[1, 1, 100] ---> 9 ** 93
[1, 1, 100] ---> 10 ** 92
[1, 1, 1, 1, 1, 100] ---> 11 ** 94
[1, 1, 1, 1, 100] ---> 10 ** 94
[1, 1, 1, 100] ---> 9 ** 94
[1, 1, 100] ---> 8 ** 94
[1, 1, 100] ---> 9 ** 93
[1, 1, 1, 100] ---> 10 ** 93
[1, 1, 100] ---> 9 ** 93
[1, 1, 100] ---> 10 ** 92
[1, 1, 1, 1, 100] ---> 11 ** 93
[1, 1, 1, 100] ---> 10 ** 93
[1, 1, 100] ---> 9 ** 93
[1, 1, 100] ---> 10 ** 92
[1, 1, 1, 100] ---> 11 ** 92
[1, 1, 100] ---> 10 ** 92
[1, 1, 100] ---> 11 ** 91
[1, 1, 1, 1, 1, 1, 100] ---> 12 ** 94
[1, 1, 1, 1, 1, 100] ---> 11 ** 94
[1, 1, 1, 1, 100] ---> 10 ** 94
[1, 1, 1, 100] ---> 9 ** 94
[1, 1, 100] ---> 8 ** 94
[1, 1, 100] ---> 9 ** 93
[1, 1, 1, 100] ---> 10 ** 93
[1, 1, 100] ---> 9 ** 93
[1, 1, 100] ---> 10 ** 92
[1, 1, 1, 1, 100] ---> 11 ** 93
[1, 1, 1, 100] ---> 10 ** 93
[1, 1, 100] ---> 9 ** 93
[1, 1, 100] ---> 10 ** 92
[1, 1, 1, 100] ---> 11 ** 92
[1, 1, 100] ---> 10 ** 92
[1, 1, 100] ---> 11 ** 91
[1, 1, 1, 1, 1, 100] ---> 12 ** 93
[1, 1, 1, 1, 100] ---> 11 ** 93
[1, 1, 1, 100] ---> 10 ** 93
[1, 1, 100] ---> 9 ** 93
[1, 1, 100] ---> 10 ** 92
[1, 1, 1, 100] ---> 11 ** 92
[1, 1, 100] ---> 10 ** 92
[1, 1, 100] ---> 11 ** 91
[1, 1, 1, 1, 100] ---> 12 ** 92
[1, 1, 1, 100] ---> 11 ** 92
[1, 1, 100] ---> 10 ** 92
[1, 1, 100] ---> 11 ** 91
[1, 1, 1, 100] ---> 12 ** 91
[1, 1, 100] ---> 11 ** 91
[1, 1, 100] ---> 12 ** 90
[1, 1, 1, 1, 1, 1, 1, 100] ---> 13 ** 94
[1, 1, 1, 1, 1, 1, 100] ---> 12 ** 94
[1, 1, 1, 1, 1, 100] ---> 11 ** 94
[1, 1, 1, 1, 100] ---> 10 ** 94
[1, 1, 1, 100] ---> 9 ** 94
[1, 1, 100] ---> 8 ** 94
[1, 1, 100] ---> 9 ** 93
[1, 1, 1, 100] ---> 10 ** 93
[1, 1, 100] ---> 9 ** 93
[1, 1, 100] ---> 10 ** 92
[1, 1, 1, 1, 100] ---> 11 ** 93
[1, 1, 1, 100] ---> 10 ** 93
[1, 1, 100] ---> 9 ** 93
[1, 1, 100] ---> 10 ** 92
[1, 1, 1, 100] ---> 11 ** 92
[1, 1, 100] ---> 10 ** 92
[1, 1, 100] ---> 11 ** 91
[1, 1, 1, 1, 1, 100] ---> 12 ** 93
[1, 1, 1, 1, 100] ---> 11 ** 93
[1, 1, 1, 100] ---> 10 ** 93
[1, 1, 100] ---> 9 ** 93
[1, 1, 100] ---> 10 ** 92
[1, 1, 1, 100] ---> 11 ** 92
[1, 1, 100] ---> 10 ** 92
[1, 1, 100] ---> 11 ** 91
[1, 1, 1, 1, 100] ---> 12 ** 92
[1, 1, 1, 100] ---> 11 ** 92
[1, 1, 100] ---> 10 ** 92
[1, 1, 100] ---> 11 ** 91
[1, 1, 1, 100] ---> 12 ** 91
[1, 1, 100] ---> 11 ** 91
[1, 1, 100] ---> 12 ** 90
[1, 1, 1, 1, 1, 1, 100] ---> 13 ** 93
[1, 1, 1, 1, 1, 100] ---> 12 ** 93
[1, 1, 1, 1, 100] ---> 11 ** 93
[1, 1, 1, 100] ---> 10 ** 93
[1, 1, 100] ---> 9 ** 93
[1, 1, 100] ---> 10 ** 92
[1, 1, 1, 100] ---> 11 ** 92
[1, 1, 100] ---> 10 ** 92
[1, 1, 100] ---> 11 ** 91
[1, 1, 1, 1, 100] ---> 12 ** 92
[1, 1, 1, 100] ---> 11 ** 92
[1, 1, 100] ---> 10 ** 92
[1, 1, 100] ---> 11 ** 91
[1, 1, 1, 100] ---> 12 ** 91
[1, 1, 100] ---> 11 ** 91
[1, 1, 100] ---> 12 ** 90
[1, 1, 1, 1, 1, 100] ---> 13 ** 92
[1, 1, 1, 1, 100] ---> 12 ** 92
[1, 1, 1, 100] ---> 11 ** 92
[1, 1, 100] ---> 10 ** 92
[1, 1, 100] ---> 11 ** 91
[1, 1, 1, 100] ---> 12 ** 91
[1, 1, 100] ---> 11 ** 91
[1, 1, 100] ---> 12 ** 90
[1, 1, 1, 1, 100] ---> 13 ** 91
[1, 1, 1, 100] ---> 12 ** 91
[1, 1, 100] ---> 11 ** 91
[1, 1, 100] ---> 12 ** 90
[1, 1, 1, 100] ---> 13 ** 90
[1, 1, 100] ---> 12 ** 90
[1, 1, 100] ---> 13 ** 89
[1, 1, 1, 1, 1, 1, 1, 1, 1, 1, 1, 1, 100] ---> 14 ** 98
[1, 1, 1, 1, 1, 1, 1, 1, 1, 1, 1, 100] ---> 13 ** 98
[1, 1, 1, 1, 1, 1, 1, 1, 1, 1, 100] ---> 12 ** 98
[1, 1, 1, 1, 1, 1, 1, 1, 1, 100] ---> 11 ** 98
[1, 1, 1, 1, 1, 1, 1, 1, 100] ---> 10 ** 98
[1, 1, 1, 1, 1, 1, 1, 100] ---> 9 ** 98
[1, 1, 1, 1, 1, 1, 100] ---> 8 ** 98
[1, 1, 1, 1, 1, 100] ---> 7 ** 98
[1, 1, 1, 1, 100] ---> 6 ** 98
[1, 1, 1, 100] ---> 5 ** 98
[1, 1, 100] ---> 4 ** 98
[1, 1, 100] ---> 5 ** 97
[1, 1, 1, 100] ---> 6 ** 97
[1, 1, 100] ---> 5 ** 97
[1, 1, 100] ---> 6 ** 96
[1, 1, 1, 1, 100] ---> 7 ** 97
[1, 1, 1, 100] ---> 6 ** 97
[1, 1, 100] ---> 5 ** 97
[1, 1, 100] ---> 6 ** 96
[1, 1, 1, 100] ---> 7 ** 96
[1, 1, 100] ---> 6 ** 96
[1, 1, 100] ---> 7 ** 95
[1, 1, 1, 1, 1, 100] ---> 8 ** 97
[1, 1, 1, 1, 100] ---> 7 ** 97
[1, 1, 1, 100] ---> 6 ** 97
[1, 1, 100] ---> 5 ** 97
[1, 1, 100] ---> 6 ** 96
[1, 1, 1, 100] ---> 7 ** 96
[1, 1, 100] ---> 6 ** 96
[1, 1, 100] ---> 7 ** 95
[1, 1, 1, 1, 100] ---> 8 ** 96
[1, 1, 1, 100] ---> 7 ** 96
[1, 1, 100] ---> 6 ** 96
[1, 1, 100] ---> 7 ** 95
[1, 1, 1, 100] ---> 8 ** 95
[1, 1, 100] ---> 7 ** 95
[1, 1, 100] ---> 8 ** 94
[1, 1, 1, 1, 1, 1, 100] ---> 9 ** 97
[1, 1, 1, 1, 1, 100] ---> 8 ** 97
[1, 1, 1, 1, 100] ---> 7 ** 97
[1, 1, 1, 100] ---> 6 ** 97
[1, 1, 100] ---> 5 ** 97
[1, 1, 100] ---> 6 ** 96
[1, 1, 1, 100] ---> 7 ** 96
[1, 1, 100] ---> 6 ** 96
[1, 1, 100] ---> 7 ** 95
[1, 1, 1, 1, 100] ---> 8 ** 96
[1, 1, 1, 100] ---> 7 ** 96
[1, 1, 100] ---> 6 ** 96
[1, 1, 100] ---> 7 ** 95
[1, 1, 1, 100] ---> 8 ** 95
[1, 1, 100] ---> 7 ** 95
[1, 1, 100] ---> 8 ** 94
[1, 1, 1, 1, 1, 100] ---> 9 ** 96
[1, 1, 1, 1, 100] ---> 8 ** 96
[1, 1, 1, 100] ---> 7 ** 96
[1, 1, 100] ---> 6 ** 96
[1, 1, 100] ---> 7 ** 95
[1, 1, 1, 100] ---> 8 ** 95
[1, 1, 100] ---> 7 ** 95
[1, 1, 100] ---> 8 ** 94
[1, 1, 1, 1, 100] ---> 9 ** 95
[1, 1, 1, 100] ---> 8 ** 95
[1, 1, 100] ---> 7 ** 95
[1, 1, 100] ---> 8 ** 94
[1, 1, 1, 100] ---> 9 ** 94
[1, 1, 100] ---> 8 ** 94
[1, 1, 100] ---> 9 ** 93
[1, 1, 1, 1, 1, 1, 1, 100] ---> 10 ** 97
[1, 1, 1, 1, 1, 1, 100] ---> 9 ** 97
[1, 1, 1, 1, 1, 100] ---> 8 ** 97
[1, 1, 1, 1, 100] ---> 7 ** 97
[1, 1, 1, 100] ---> 6 ** 97
[1, 1, 100] ---> 5 ** 97
[1, 1, 100] ---> 6 ** 96
[1, 1, 1, 100] ---> 7 ** 96
[1, 1, 100] ---> 6 ** 96
[1, 1, 100] ---> 7 ** 95
[1, 1, 1, 1, 100] ---> 8 ** 96
[1, 1, 1, 100] ---> 7 ** 96
[1, 1, 100] ---> 6 ** 96
[1, 1, 100] ---> 7 ** 95
[1, 1, 1, 100] ---> 8 ** 95
[1, 1, 100] ---> 7 ** 95
[1, 1, 100] ---> 8 ** 94
[1, 1, 1, 1, 1, 100] ---> 9 ** 96
[1, 1, 1, 1, 100] ---> 8 ** 96
[1, 1, 1, 100] ---> 7 ** 96
[1, 1, 100] ---> 6 ** 96
[1, 1, 100] ---> 7 ** 95
[1, 1, 1, 100] ---> 8 ** 95
[1, 1, 100] ---> 7 ** 95
[1, 1, 100] ---> 8 ** 94
[1, 1, 1, 1, 100] ---> 9 ** 95
[1, 1, 1, 100] ---> 8 ** 95
[1, 1, 100] ---> 7 ** 95
[1, 1, 100] ---> 8 ** 94
[1, 1, 1, 100] ---> 9 ** 94
[1, 1, 100] ---> 8 ** 94
[1, 1, 100] ---> 9 ** 93
[1, 1, 1, 1, 1, 1, 100] ---> 10 ** 96
[1, 1, 1, 1, 1, 100] ---> 9 ** 96
[1, 1, 1, 1, 100] ---> 8 ** 96
[1, 1, 1, 100] ---> 7 ** 96
[1, 1, 100] ---> 6 ** 96
[1, 1, 100] ---> 7 ** 95
[1, 1, 1, 100] ---> 8 ** 95
[1, 1, 100] ---> 7 ** 95
[1, 1, 100] ---> 8 ** 94
[1, 1, 1, 1, 100] ---> 9 ** 95
[1, 1, 1, 100] ---> 8 ** 95
[1, 1, 100] ---> 7 ** 95
[1, 1, 100] ---> 8 ** 94
[1, 1, 1, 100] ---> 9 ** 94
[1, 1, 100] ---> 8 ** 94
[1, 1, 100] ---> 9 ** 93
[1, 1, 1, 1, 1, 100] ---> 10 ** 95
[1, 1, 1, 1, 100] ---> 9 ** 95
[1, 1, 1, 100] ---> 8 ** 95
[1, 1, 100] ---> 7 ** 95
[1, 1, 100] ---> 8 ** 94
[1, 1, 1, 100] ---> 9 ** 94
[1, 1, 100] ---> 8 ** 94
[1, 1, 100] ---> 9 ** 93
[1, 1, 1, 1, 100] ---> 10 ** 94
[1, 1, 1, 100] ---> 9 ** 94
[1, 1, 100] ---> 8 ** 94
[1, 1, 100] ---> 9 ** 93
[1, 1, 1, 100] ---> 10 ** 93
[1, 1, 100] ---> 9 ** 93
[1, 1, 100] ---> 10 ** 92
[1, 1, 1, 1, 1, 1, 1, 1, 100] ---> 11 ** 97
[1, 1, 1, 1, 1, 1, 1, 100] ---> 10 ** 97
[1, 1, 1, 1, 1, 1, 100] ---> 9 ** 97
[1, 1, 1, 1, 1, 100] ---> 8 ** 97
[1, 1, 1, 1, 100] ---> 7 ** 97
[1, 1, 1, 100] ---> 6 ** 97
[1, 1, 100] ---> 5 ** 97
[1, 1, 100] ---> 6 ** 96
[1, 1, 1, 100] ---> 7 ** 96
[1, 1, 100] ---> 6 ** 96
[1, 1, 100] ---> 7 ** 95
[1, 1, 1, 1, 100] ---> 8 ** 96
[1, 1, 1, 100] ---> 7 ** 96
[1, 1, 100] ---> 6 ** 96
[1, 1, 100] ---> 7 ** 95
[1, 1, 1, 100] ---> 8 ** 95
[1, 1, 100] ---> 7 ** 95
[1, 1, 100] ---> 8 ** 94
[1, 1, 1, 1, 1, 100] ---> 9 ** 96
[1, 1, 1, 1, 100] ---> 8 ** 96
[1, 1, 1, 100] ---> 7 ** 96
[1, 1, 100] ---> 6 ** 96
[1, 1, 100] ---> 7 ** 95
[1, 1, 1, 100] ---> 8 ** 95
[1, 1, 100] ---> 7 ** 95
[1, 1, 100] ---> 8 ** 94
[1, 1, 1, 1, 100] ---> 9 ** 95
[1, 1, 1, 100] ---> 8 ** 95
[1, 1, 100] ---> 7 ** 95
[1, 1, 100] ---> 8 ** 94
[1, 1, 1, 100] ---> 9 ** 94
[1, 1, 100] ---> 8 ** 94
[1, 1, 100] ---> 9 ** 93
[1, 1, 1, 1, 1, 1, 100] ---> 10 ** 96
[1, 1, 1, 1, 1, 100] ---> 9 ** 96
[1, 1, 1, 1, 100] ---> 8 ** 96
[1, 1, 1, 100] ---> 7 ** 96
[1, 1, 100] ---> 6 ** 96
[1, 1, 100] ---> 7 ** 95
[1, 1, 1, 100] ---> 8 ** 95
[1, 1, 100] ---> 7 ** 95
[1, 1, 100] ---> 8 ** 94
[1, 1, 1, 1, 100] ---> 9 ** 95
[1, 1, 1, 100] ---> 8 ** 95
[1, 1, 100] ---> 7 ** 95
[1, 1, 100] ---> 8 ** 94
[1, 1, 1, 100] ---> 9 ** 94
[1, 1, 100] ---> 8 ** 94
[1, 1, 100] ---> 9 ** 93
[1, 1, 1, 1, 1, 100] ---> 10 ** 95
[1, 1, 1, 1, 100] ---> 9 ** 95
[1, 1, 1, 100] ---> 8 ** 95
[1, 1, 100] ---> 7 ** 95
[1, 1, 100] ---> 8 ** 94
[1, 1, 1, 100] ---> 9 ** 94
[1, 1, 100] ---> 8 ** 94
[1, 1, 100] ---> 9 ** 93
[1, 1, 1, 1, 100] ---> 10 ** 94
[1, 1, 1, 100] ---> 9 ** 94
[1, 1, 100] ---> 8 ** 94
[1, 1, 100] ---> 9 ** 93
[1, 1, 1, 100] ---> 10 ** 93
[1, 1, 100] ---> 9 ** 93
[1, 1, 100] ---> 10 ** 92
[1, 1, 1, 1, 1, 1, 1, 100] ---> 11 ** 96
[1, 1, 1, 1, 1, 1, 100] ---> 10 ** 96
[1, 1, 1, 1, 1, 100] ---> 9 ** 96
[1, 1, 1, 1, 100] ---> 8 ** 96
[1, 1, 1, 100] ---> 7 ** 96
[1, 1, 100] ---> 6 ** 96
[1, 1, 100] ---> 7 ** 95
[1, 1, 1, 100] ---> 8 ** 95
[1, 1, 100] ---> 7 ** 95
[1, 1, 100] ---> 8 ** 94
[1, 1, 1, 1, 100] ---> 9 ** 95
[1, 1, 1, 100] ---> 8 ** 95
[1, 1, 100] ---> 7 ** 95
[1, 1, 100] ---> 8 ** 94
[1, 1, 1, 100] ---> 9 ** 94
[1, 1, 100] ---> 8 ** 94
[1, 1, 100] ---> 9 ** 93
[1, 1, 1, 1, 1, 100] ---> 10 ** 95
[1, 1, 1, 1, 100] ---> 9 ** 95
[1, 1, 1, 100] ---> 8 ** 95
[1, 1, 100] ---> 7 ** 95
[1, 1, 100] ---> 8 ** 94
[1, 1, 1, 100] ---> 9 ** 94
[1, 1, 100] ---> 8 ** 94
[1, 1, 100] ---> 9 ** 93
[1, 1, 1, 1, 100] ---> 10 ** 94
[1, 1, 1, 100] ---> 9 ** 94
[1, 1, 100] ---> 8 ** 94
[1, 1, 100] ---> 9 ** 93
[1, 1, 1, 100] ---> 10 ** 93
[1, 1, 100] ---> 9 ** 93
[1, 1, 100] ---> 10 ** 92
[1, 1, 1, 1, 1, 1, 100] ---> 11 ** 95
[1, 1, 1, 1, 1, 100] ---> 10 ** 95
[1, 1, 1, 1, 100] ---> 9 ** 95
[1, 1, 1, 100] ---> 8 ** 95
[1, 1, 100] ---> 7 ** 95
[1, 1, 100] ---> 8 ** 94
[1, 1, 1, 100] ---> 9 ** 94
[1, 1, 100] ---> 8 ** 94
[1, 1, 100] ---> 9 ** 93
[1, 1, 1, 1, 100] ---> 10 ** 94
[1, 1, 1, 100] ---> 9 ** 94
[1, 1, 100] ---> 8 ** 94
[1, 1, 100] ---> 9 ** 93
[1, 1, 1, 100] ---> 10 ** 93
[1, 1, 100] ---> 9 ** 93
[1, 1, 100] ---> 10 ** 92
[1, 1, 1, 1, 1, 100] ---> 11 ** 94
[1, 1, 1, 1, 100] ---> 10 ** 94
[1, 1, 1, 100] ---> 9 ** 94
[1, 1, 100] ---> 8 ** 94
[1, 1, 100] ---> 9 ** 93
[1, 1, 1, 100] ---> 10 ** 93
[1, 1, 100] ---> 9 ** 93
[1, 1, 100] ---> 10 ** 92
[1, 1, 1, 1, 100] ---> 11 ** 93
[1, 1, 1, 100] ---> 10 ** 93
[1, 1, 100] ---> 9 ** 93
[1, 1, 100] ---> 10 ** 92
[1, 1, 1, 100] ---> 11 ** 92
[1, 1, 100] ---> 10 ** 92
[1, 1, 100] ---> 11 ** 91
[1, 1, 1, 1, 1, 1, 1, 1, 1, 100] ---> 12 ** 97
[1, 1, 1, 1, 1, 1, 1, 1, 100] ---> 11 ** 97
[1, 1, 1, 1, 1, 1, 1, 100] ---> 10 ** 97
[1, 1, 1, 1, 1, 1, 100] ---> 9 ** 97
[1, 1, 1, 1, 1, 100] ---> 8 ** 97
[1, 1, 1, 1, 100] ---> 7 ** 97
[1, 1, 1, 100] ---> 6 ** 97
[1, 1, 100] ---> 5 ** 97
[1, 1, 100] ---> 6 ** 96
[1, 1, 1, 100] ---> 7 ** 96
[1, 1, 100] ---> 6 ** 96
[1, 1, 100] ---> 7 ** 95
[1, 1, 1, 1, 100] ---> 8 ** 96
[1, 1, 1, 100] ---> 7 ** 96
[1, 1, 100] ---> 6 ** 96
[1, 1, 100] ---> 7 ** 95
[1, 1, 1, 100] ---> 8 ** 95
[1, 1, 100] ---> 7 ** 95
[1, 1, 100] ---> 8 ** 94
[1, 1, 1, 1, 1, 100] ---> 9 ** 96
[1, 1, 1, 1, 100] ---> 8 ** 96
[1, 1, 1, 100] ---> 7 ** 96
[1, 1, 100] ---> 6 ** 96
[1, 1, 100] ---> 7 ** 95
[1, 1, 1, 100] ---> 8 ** 95
[1, 1, 100] ---> 7 ** 95
[1, 1, 100] ---> 8 ** 94
[1, 1, 1, 1, 100] ---> 9 ** 95
[1, 1, 1, 100] ---> 8 ** 95
[1, 1, 100] ---> 7 ** 95
[1, 1, 100] ---> 8 ** 94
[1, 1, 1, 100] ---> 9 ** 94
[1, 1, 100] ---> 8 ** 94
[1, 1, 100] ---> 9 ** 93
[1, 1, 1, 1, 1, 1, 100] ---> 10 ** 96
[1, 1, 1, 1, 1, 100] ---> 9 ** 96
[1, 1, 1, 1, 100] ---> 8 ** 96
[1, 1, 1, 100] ---> 7 ** 96
[1, 1, 100] ---> 6 ** 96
[1, 1, 100] ---> 7 ** 95
[1, 1, 1, 100] ---> 8 ** 95
[1, 1, 100] ---> 7 ** 95
[1, 1, 100] ---> 8 ** 94
[1, 1, 1, 1, 100] ---> 9 ** 95
[1, 1, 1, 100] ---> 8 ** 95
[1, 1, 100] ---> 7 ** 95
[1, 1, 100] ---> 8 ** 94
[1, 1, 1, 100] ---> 9 ** 94
[1, 1, 100] ---> 8 ** 94
[1, 1, 100] ---> 9 ** 93
[1, 1, 1, 1, 1, 100] ---> 10 ** 95
[1, 1, 1, 1, 100] ---> 9 ** 95
[1, 1, 1, 100] ---> 8 ** 95
[1, 1, 100] ---> 7 ** 95
[1, 1, 100] ---> 8 ** 94
[1, 1, 1, 100] ---> 9 ** 94
[1, 1, 100] ---> 8 ** 94
[1, 1, 100] ---> 9 ** 93
[1, 1, 1, 1, 100] ---> 10 ** 94
[1, 1, 1, 100] ---> 9 ** 94
[1, 1, 100] ---> 8 ** 94
[1, 1, 100] ---> 9 ** 93
[1, 1, 1, 100] ---> 10 ** 93
[1, 1, 100] ---> 9 ** 93
[1, 1, 100] ---> 10 ** 92
[1, 1, 1, 1, 1, 1, 1, 100] ---> 11 ** 96
[1, 1, 1, 1, 1, 1, 100] ---> 10 ** 96
[1, 1, 1, 1, 1, 100] ---> 9 ** 96
[1, 1, 1, 1, 100] ---> 8 ** 96
[1, 1, 1, 100] ---> 7 ** 96
[1, 1, 100] ---> 6 ** 96
[1, 1, 100] ---> 7 ** 95
[1, 1, 1, 100] ---> 8 ** 95
[1, 1, 100] ---> 7 ** 95
[1, 1, 100] ---> 8 ** 94
[1, 1, 1, 1, 100] ---> 9 ** 95
[1, 1, 1, 100] ---> 8 ** 95
[1, 1, 100] ---> 7 ** 95
[1, 1, 100] ---> 8 ** 94
[1, 1, 1, 100] ---> 9 ** 94
[1, 1, 100] ---> 8 ** 94
[1, 1, 100] ---> 9 ** 93
[1, 1, 1, 1, 1, 100] ---> 10 ** 95
[1, 1, 1, 1, 100] ---> 9 ** 95
[1, 1, 1, 100] ---> 8 ** 95
[1, 1, 100] ---> 7 ** 95
[1, 1, 100] ---> 8 ** 94
[1, 1, 1, 100] ---> 9 ** 94
[1, 1, 100] ---> 8 ** 94
[1, 1, 100] ---> 9 ** 93
[1, 1, 1, 1, 100] ---> 10 ** 94
[1, 1, 1, 100] ---> 9 ** 94
[1, 1, 100] ---> 8 ** 94
[1, 1, 100] ---> 9 ** 93
[1, 1, 1, 100] ---> 10 ** 93
[1, 1, 100] ---> 9 ** 93
[1, 1, 100] ---> 10 ** 92
[1, 1, 1, 1, 1, 1, 100] ---> 11 ** 95
[1, 1, 1, 1, 1, 100] ---> 10 ** 95
[1, 1, 1, 1, 100] ---> 9 ** 95
[1, 1, 1, 100] ---> 8 ** 95
[1, 1, 100] ---> 7 ** 95
[1, 1, 100] ---> 8 ** 94
[1, 1, 1, 100] ---> 9 ** 94
[1, 1, 100] ---> 8 ** 94
[1, 1, 100] ---> 9 ** 93
[1, 1, 1, 1, 100] ---> 10 ** 94
[1, 1, 1, 100] ---> 9 ** 94
[1, 1, 100] ---> 8 ** 94
[1, 1, 100] ---> 9 ** 93
[1, 1, 1, 100] ---> 10 ** 93
[1, 1, 100] ---> 9 ** 93
[1, 1, 100] ---> 10 ** 92
[1, 1, 1, 1, 1, 100] ---> 11 ** 94
[1, 1, 1, 1, 100] ---> 10 ** 94
[1, 1, 1, 100] ---> 9 ** 94
[1, 1, 100] ---> 8 ** 94
[1, 1, 100] ---> 9 ** 93
[1, 1, 1, 100] ---> 10 ** 93
[1, 1, 100] ---> 9 ** 93
[1, 1, 100] ---> 10 ** 92
[1, 1, 1, 1, 100] ---> 11 ** 93
[1, 1, 1, 100] ---> 10 ** 93
[1, 1, 100] ---> 9 ** 93
[1, 1, 100] ---> 10 ** 92
[1, 1, 1, 100] ---> 11 ** 92
[1, 1, 100] ---> 10 ** 92
[1, 1, 100] ---> 11 ** 91
[1, 1, 1, 1, 1, 1, 1, 1, 100] ---> 12 ** 96
[1, 1, 1, 1, 1, 1, 1, 100] ---> 11 ** 96
[1, 1, 1, 1, 1, 1, 100] ---> 10 ** 96
[1, 1, 1, 1, 1, 100] ---> 9 ** 96
[1, 1, 1, 1, 100] ---> 8 ** 96
[1, 1, 1, 100] ---> 7 ** 96
[1, 1, 100] ---> 6 ** 96
[1, 1, 100] ---> 7 ** 95
[1, 1, 1, 100] ---> 8 ** 95
[1, 1, 100] ---> 7 ** 95
[1, 1, 100] ---> 8 ** 94
[1, 1, 1, 1, 100] ---> 9 ** 95
[1, 1, 1, 100] ---> 8 ** 95
[1, 1, 100] ---> 7 ** 95
[1, 1, 100] ---> 8 ** 94
[1, 1, 1, 100] ---> 9 ** 94
[1, 1, 100] ---> 8 ** 94
[1, 1, 100] ---> 9 ** 93
[1, 1, 1, 1, 1, 100] ---> 10 ** 95
[1, 1, 1, 1, 100] ---> 9 ** 95
[1, 1, 1, 100] ---> 8 ** 95
[1, 1, 100] ---> 7 ** 95
[1, 1, 100] ---> 8 ** 94
[1, 1, 1, 100] ---> 9 ** 94
[1, 1, 100] ---> 8 ** 94
[1, 1, 100] ---> 9 ** 93
[1, 1, 1, 1, 100] ---> 10 ** 94
[1, 1, 1, 100] ---> 9 ** 94
[1, 1, 100] ---> 8 ** 94
[1, 1, 100] ---> 9 ** 93
[1, 1, 1, 100] ---> 10 ** 93
[1, 1, 100] ---> 9 ** 93
[1, 1, 100] ---> 10 ** 92
[1, 1, 1, 1, 1, 1, 100] ---> 11 ** 95
[1, 1, 1, 1, 1, 100] ---> 10 ** 95
[1, 1, 1, 1, 100] ---> 9 ** 95
[1, 1, 1, 100] ---> 8 ** 95
[1, 1, 100] ---> 7 ** 95
[1, 1, 100] ---> 8 ** 94
[1, 1, 1, 100] ---> 9 ** 94
[1, 1, 100] ---> 8 ** 94
[1, 1, 100] ---> 9 ** 93
[1, 1, 1, 1, 100] ---> 10 ** 94
[1, 1, 1, 100] ---> 9 ** 94
[1, 1, 100] ---> 8 ** 94
[1, 1, 100] ---> 9 ** 93
[1, 1, 1, 100] ---> 10 ** 93
[1, 1, 100] ---> 9 ** 93
[1, 1, 100] ---> 10 ** 92
[1, 1, 1, 1, 1, 100] ---> 11 ** 94
[1, 1, 1, 1, 100] ---> 10 ** 94
[1, 1, 1, 100] ---> 9 ** 94
[1, 1, 100] ---> 8 ** 94
[1, 1, 100] ---> 9 ** 93
[1, 1, 1, 100] ---> 10 ** 93
[1, 1, 100] ---> 9 ** 93
[1, 1, 100] ---> 10 ** 92
[1, 1, 1, 1, 100] ---> 11 ** 93
[1, 1, 1, 100] ---> 10 ** 93
[1, 1, 100] ---> 9 ** 93
[1, 1, 100] ---> 10 ** 92
[1, 1, 1, 100] ---> 11 ** 92
[1, 1, 100] ---> 10 ** 92
[1, 1, 100] ---> 11 ** 91
[1, 1, 1, 1, 1, 1, 1, 100] ---> 12 ** 95
[1, 1, 1, 1, 1, 1, 100] ---> 11 ** 95
[1, 1, 1, 1, 1, 100] ---> 10 ** 95
[1, 1, 1, 1, 100] ---> 9 ** 95
[1, 1, 1, 100] ---> 8 ** 95
[1, 1, 100] ---> 7 ** 95
[1, 1, 100] ---> 8 ** 94
[1, 1, 1, 100] ---> 9 ** 94
[1, 1, 100] ---> 8 ** 94
[1, 1, 100] ---> 9 ** 93
[1, 1, 1, 1, 100] ---> 10 ** 94
[1, 1, 1, 100] ---> 9 ** 94
[1, 1, 100] ---> 8 ** 94
[1, 1, 100] ---> 9 ** 93
[1, 1, 1, 100] ---> 10 ** 93
[1, 1, 100] ---> 9 ** 93
[1, 1, 100] ---> 10 ** 92
[1, 1, 1, 1, 1, 100] ---> 11 ** 94
[1, 1, 1, 1, 100] ---> 10 ** 94
[1, 1, 1, 100] ---> 9 ** 94
[1, 1, 100] ---> 8 ** 94
[1, 1, 100] ---> 9 ** 93
[1, 1, 1, 100] ---> 10 ** 93
[1, 1, 100] ---> 9 ** 93
[1, 1, 100] ---> 10 ** 92
[1, 1, 1, 1, 100] ---> 11 ** 93
[1, 1, 1, 100] ---> 10 ** 93
[1, 1, 100] ---> 9 ** 93
[1, 1, 100] ---> 10 ** 92
[1, 1, 1, 100] ---> 11 ** 92
[1, 1, 100] ---> 10 ** 92
[1, 1, 100] ---> 11 ** 91
[1, 1, 1, 1, 1, 1, 100] ---> 12 ** 94
[1, 1, 1, 1, 1, 100] ---> 11 ** 94
[1, 1, 1, 1, 100] ---> 10 ** 94
[1, 1, 1, 100] ---> 9 ** 94
[1, 1, 100] ---> 8 ** 94
[1, 1, 100] ---> 9 ** 93
[1, 1, 1, 100] ---> 10 ** 93
[1, 1, 100] ---> 9 ** 93
[1, 1, 100] ---> 10 ** 92
[1, 1, 1, 1, 100] ---> 11 ** 93
[1, 1, 1, 100] ---> 10 ** 93
[1, 1, 100] ---> 9 ** 93
[1, 1, 100] ---> 10 ** 92
[1, 1, 1, 100] ---> 11 ** 92
[1, 1, 100] ---> 10 ** 92
[1, 1, 100] ---> 11 ** 91
[1, 1, 1, 1, 1, 100] ---> 12 ** 93
[1, 1, 1, 1, 100] ---> 11 ** 93
[1, 1, 1, 100] ---> 10 ** 93
[1, 1, 100] ---> 9 ** 93
[1, 1, 100] ---> 10 ** 92
[1, 1, 1, 100] ---> 11 ** 92
[1, 1, 100] ---> 10 ** 92
[1, 1, 100] ---> 11 ** 91
[1, 1, 1, 1, 100] ---> 12 ** 92
[1, 1, 1, 100] ---> 11 ** 92
[1, 1, 100] ---> 10 ** 92
[1, 1, 100] ---> 11 ** 91
[1, 1, 1, 100] ---> 12 ** 91
[1, 1, 100] ---> 11 ** 91
[1, 1, 100] ---> 12 ** 90
[1, 1, 1, 1, 1, 1, 1, 1, 1, 1, 100] ---> 13 ** 97
[1, 1, 1, 1, 1, 1, 1, 1, 1, 100] ---> 12 ** 97
[1, 1, 1, 1, 1, 1, 1, 1, 100] ---> 11 ** 97
[1, 1, 1, 1, 1, 1, 1, 100] ---> 10 ** 97
[1, 1, 1, 1, 1, 1, 100] ---> 9 ** 97
[1, 1, 1, 1, 1, 100] ---> 8 ** 97
[1, 1, 1, 1, 100] ---> 7 ** 97
[1, 1, 1, 100] ---> 6 ** 97
[1, 1, 100] ---> 5 ** 97
[1, 1, 100] ---> 6 ** 96
[1, 1, 1, 100] ---> 7 ** 96
[1, 1, 100] ---> 6 ** 96
[1, 1, 100] ---> 7 ** 95
[1, 1, 1, 1, 100] ---> 8 ** 96
[1, 1, 1, 100] ---> 7 ** 96
[1, 1, 100] ---> 6 ** 96
[1, 1, 100] ---> 7 ** 95
[1, 1, 1, 100] ---> 8 ** 95
[1, 1, 100] ---> 7 ** 95
[1, 1, 100] ---> 8 ** 94
[1, 1, 1, 1, 1, 100] ---> 9 ** 96
[1, 1, 1, 1, 100] ---> 8 ** 96
[1, 1, 1, 100] ---> 7 ** 96
[1, 1, 100] ---> 6 ** 96
[1, 1, 100] ---> 7 ** 95
[1, 1, 1, 100] ---> 8 ** 95
[1, 1, 100] ---> 7 ** 95
[1, 1, 100] ---> 8 ** 94
[1, 1, 1, 1, 100] ---> 9 ** 95
[1, 1, 1, 100] ---> 8 ** 95
[1, 1, 100] ---> 7 ** 95
[1, 1, 100] ---> 8 ** 94
[1, 1, 1, 100] ---> 9 ** 94
[1, 1, 100] ---> 8 ** 94
[1, 1, 100] ---> 9 ** 93
[1, 1, 1, 1, 1, 1, 100] ---> 10 ** 96
[1, 1, 1, 1, 1, 100] ---> 9 ** 96
[1, 1, 1, 1, 100] ---> 8 ** 96
[1, 1, 1, 100] ---> 7 ** 96
[1, 1, 100] ---> 6 ** 96
[1, 1, 100] ---> 7 ** 95
[1, 1, 1, 100] ---> 8 ** 95
[1, 1, 100] ---> 7 ** 95
[1, 1, 100] ---> 8 ** 94
[1, 1, 1, 1, 100] ---> 9 ** 95
[1, 1, 1, 100] ---> 8 ** 95
[1, 1, 100] ---> 7 ** 95
[1, 1, 100] ---> 8 ** 94
[1, 1, 1, 100] ---> 9 ** 94
[1, 1, 100] ---> 8 ** 94
[1, 1, 100] ---> 9 ** 93
[1, 1, 1, 1, 1, 100] ---> 10 ** 95
[1, 1, 1, 1, 100] ---> 9 ** 95
[1, 1, 1, 100] ---> 8 ** 95
[1, 1, 100] ---> 7 ** 95
[1, 1, 100] ---> 8 ** 94
[1, 1, 1, 100] ---> 9 ** 94
[1, 1, 100] ---> 8 ** 94
[1, 1, 100] ---> 9 ** 93
[1, 1, 1, 1, 100] ---> 10 ** 94
[1, 1, 1, 100] ---> 9 ** 94
[1, 1, 100] ---> 8 ** 94
[1, 1, 100] ---> 9 ** 93
[1, 1, 1, 100] ---> 10 ** 93
[1, 1, 100] ---> 9 ** 93
[1, 1, 100] ---> 10 ** 92
[1, 1, 1, 1, 1, 1, 1, 100] ---> 11 ** 96
[1, 1, 1, 1, 1, 1, 100] ---> 10 ** 96
[1, 1, 1, 1, 1, 100] ---> 9 ** 96
[1, 1, 1, 1, 100] ---> 8 ** 96
[1, 1, 1, 100] ---> 7 ** 96
[1, 1, 100] ---> 6 ** 96
[1, 1, 100] ---> 7 **Traceback (most recent call last):
  File "C:\code_dxf\xuefgit\Files_01_xuef\all_xuef\code\leetcode\canPartition.py", line 46, in <module>
    print(canPartition(lst))
  File "C:\code_dxf\xuefgit\Files_01_xuef\all_xuef\code\leetcode\canPartition.py", line 43, in canPartition
    return canPartTwo(nums, sum_of_nums//2, sum_of_nums//2)
  File "C:\code_dxf\xuefgit\Files_01_xuef\all_xuef\code\leetcode\canPartition.py", line 39, in canPartTwo
    return canPartTwo(lst[1:], sum1-first, sum2) or canPartTwo(lst[1:], sum1, sum2-first)
  File "C:\code_dxf\xuefgit\Files_01_xuef\all_xuef\code\leetcode\canPartition.py", line 39, in canPartTwo
    return canPartTwo(lst[1:], sum1-first, sum2) or canPartTwo(lst[1:], sum1, sum2-first)
  File "C:\code_dxf\xuefgit\Files_01_xuef\all_xuef\code\leetcode\canPartition.py", line 39, in canPartTwo
    return canPartTwo(lst[1:], sum1-first, sum2) or canPartTwo(lst[1:], sum1, sum2-first)
  [Previous line repeated 92 more times]
  File "C:\code_dxf\xuefgit\Files_01_xuef\all_xuef\code\leetcode\canPartition.py", line 37, in canPartTwo
    print(lst, "--->", sum1, "**", sum2)
KeyboardInterrupt
>>> 